7 36
0 7 4 17 11 11 4 5 2
5 1
2 2
4 4
4 1
2 2
4 5
6 1
3 1
6 6
5 4
3 3
1 6
4 2
3 4
4 2
6 2
2 5
3 1
4 3
3 3
6 5
3 1
6 5
6 3
6 6
3 5
5 2
4 3
2 4
4 6
1 1
1 3
2 5
2 5
2 4

6 34
12 6 7 13 19 6 5 1
1 4
5 3
1 2
2 2
4 5
5 3
3 1
4 3
2 2
2 2
4 4
5 3
3 3
2 3
5 1
4 2
3 2
2 4
4 5
1 4
2 5
2 3
2 5
3 5
1 5
5 2
5 5
2 4
1 5
4 3
2 4
4 4
4 4

6 19
11 17 19 17 15 8 5 1
4 3
5 2
3 4
1 4
2 4
4 3
3 5
4 5
1 2
2 3
4 5
3 5
2 4
4 2
1 2
3 4
2 3
5 5

5 10
2 10 16 0 18 2 3
2 1
2 3
2 2
1 4
1 4
4 2
4 3
3 2
1 2

8 7
17 14 6 12 4 8 10 3 5 1
7 4
1 1
2 5
2 4
3 4
6 7

6 31
7 9 6 10 15 12 2 2
4 3
1 4
5 1
2 5
1 3
4 1
5 1
1 5
4 5
1 4
5 3
4 1
2 1
2 2
1 4
1 5
1 5
1 1
2 5
3 3
4 3
3 2
4 5
5 5
5 3
1 4
2 4
2 3
3 1
1 3

4 9
12 18 5 2 1 3
1 2
2 1
3 2
2 1
2 3
1 1
3 2
1 3

2 0
18 15 
3 5
10 14 10 2 1
2 1
1 2
1 1
2 2

4 12
5 2 2 16 1 2
1 3
3 1
2 1
3 3
3 2
2 1
1 2
2 2
1 2
3 1
3 3

2 3
10 13 1 1
1 1
1 1

4 9
19 18 1 19 1 1
2 2
1 2
2 3
1 2
1 2
1 1
1 2
2 3

9 39
18 8 8 9 18 13 13 19 6 5 5
2 5
6 6
5 3
2 2
3 6
6 5
4 2
1 2
2 4
7 7
1 4
8 3
1 6
8 6
2 1
8 8
7 6
6 5
5 5
8 6
6 5
6 3
1 3
1 8
5 6
6 6
6 8
8 4
6 7
5 6
8 4
7 4
1 3
7 6
8 5
5 6
7 3
2 6

5 1
4 11 19 19 6 4 1

8 41
1 1 0 13 0 1 14 3 4 1
4 3
5 5
3 4
3 5
6 3
5 6
4 5
7 7
6 3
2 1
1 5
4 7
6 6
1 3
6 2
7 2
3 6
6 6
3 2
5 5
3 3
7 5
4 2
7 4
5 1
4 1
5 3
3 3
6 4
1 6
1 1
7 5
1 3
2 2
5 1
3 4
1 7
2 2
5 5
3 1

8 47
10 6 13 5 14 11 19 9 2 1
2 1
5 2
2 5
4 7
5 7
7 1
6 3
7 5
6 6
7 6
7 1
6 1
6 2
4 7
6 2
3 1
4 2
7 6
3 5
5 6
4 5
7 1
7 5
1 4
3 4
4 2
7 7
5 3
7 6
3 2
6 1
4 6
5 6
3 7
4 7
1 2
2 7
2 7
7 1
2 5
1 6
6 5
5 7
3 4
1 7
7 5

7 44
5 7 3 11 0 6 14 6 4
6 1
3 1
2 2
5 1
4 4
1 5
5 6
3 4
6 3
6 2
6 6
2 5
5 1
5 2
1 4
1 2
5 4
5 3
6 1
5 6
5 1
3 3
4 3
4 1
5 4
3 5
2 6
2 6
1 1
2 1
2 6
1 6
4 2
3 2
4 3
2 3
4 6
3 2
4 4
6 5
2 6
6 2
2 1

3 1
4 6 9 2 1

2 3
10 4 1 1
1 1
1 1

1 0
2 
1 0
13 
6 21
16 19 16 12 5 11 1 5
5 3
1 4
5 3
4 4
1 5
4 5
4 4
1 2
4 5
2 3
3 1
1 5
3 3
1 1
5 5
4 4
2 1
5 1
2 2
4 1

4 4
16 6 2 9 2 2
2 3
3 2
1 3

4 7
4 14 18 15 1 3
3 2
2 3
1 3
3 1
2 2
1 3

6 13
2 1 0 0 9 13 2 2
1 2
5 2
1 1
2 3
1 2
5 5
3 2
4 2
3 5
5 3
1 1
1 3

6 24
6 19 10 16 5 12 5 3
3 3
5 2
5 2
4 4
5 3
4 1
4 4
5 3
2 1
3 4
3 5
3 1
3 5
1 1
2 5
5 5
4 4
3 2
3 1
3 5
4 3
4 1
2 1

8 1
18 16 7 6 17 0 6 19 3 5

6 22
4 14 7 4 6 1 2 5
2 2
1 2
1 5
4 5
2 2
1 2
4 2
5 5
2 2
3 2
3 1
4 3
5 3
1 3
1 2
1 2
2 3
1 1
1 4
3 2
2 5

4 9
1 0 5 15 1 1
3 1
1 3
3 1
3 2
2 2
1 3
2 3
2 3

3 4
6 1 3 1 1
2 1
2 1
1 2

7 20
9 6 19 9 19 16 17 6 1
5 5
5 2
5 6
4 2
3 2
5 2
6 3
1 6
4 6
2 3
5 1
4 3
2 4
6 4
5 5
6 3
4 3
2 1
1 6

3 0
14 4 16 
2 2
11 11 1 1
1 1

4 3
11 4 15 10 2 3
3 2
1 3

5 12
5 3 18 7 17 2 1
2 4
2 2
2 4
2 4
2 2
1 1
1 1
2 3
1 1
2 3
1 4

9 73
12 13 13 10 18 17 19 9 12 5 1
8 6
7 5
8 3
1 1
4 4
1 5
1 8
5 4
6 8
4 1
5 1
7 4
3 5
7 4
4 4
1 5
1 7
7 4
3 6
8 8
5 2
4 4
5 5
8 2
3 1
1 2
5 7
7 3
2 1
7 1
5 2
6 8
5 4
2 8
3 1
3 1
3 6
3 1
7 6
1 4
8 3
4 3
6 2
6 8
2 7
7 1
2 6
4 3
5 5
8 8
8 6
1 4
8 1
6 5
8 1
8 1
5 5
6 5
8 2
5 3
4 7
7 3
1 2
4 5
1 1
7 5
1 4
3 1
2 1
5 7
8 7
3 2

4 1
2 4 14 10 3 1

1 0
14 
5 5
7 14 12 13 0 1 3
3 2
4 3
1 3
1 4

1 0
2 
5 10
9 17 14 13 18 1 1
2 2
1 3
1 3
4 4
4 3
1 1
2 2
4 2
3 3

5 4
16 7 2 9 14 1 3
1 4
4 3
4 1

3 6
17 18 4 2 1
1 2
2 2
2 1
1 1
1 2

1 0
19 
9 23
1 4 2 0 9 8 7 0 0 7 4
4 5
3 7
1 1
6 6
5 7
7 5
2 2
4 6
6 2
3 6
6 2
3 7
3 6
6 7
5 3
2 7
5 4
1 6
7 1
5 7
8 3
8 8

5 17
19 10 1 10 3 1 1
1 4
3 3
2 3
3 1
3 4
1 3
4 4
1 1
4 3
3 4
4 1
4 2
1 1
3 4
1 4
3 2

9 13
17 3 15 8 8 11 4 17 17 2 1
4 2
8 8
7 5
5 8
1 1
2 3
3 4
2 8
5 8
1 5
6 6
4 7

7 13
19 18 2 2 11 8 17 3 6
5 2
3 1
4 3
6 1
6 2
4 5
5 4
5 4
2 3
1 1
4 1
2 5

8 52
0 16 3 0 6 12 9 19 4 2
2 5
5 7
4 7
6 7
6 7
4 5
4 1
5 6
6 3
3 3
6 3
1 1
7 6
2 2
6 3
6 1
4 5
2 3
3 2
7 1
4 7
2 7
1 6
3 4
2 5
7 3
1 2
4 6
3 4
4 7
6 3
3 6
7 1
3 4
1 2
6 5
1 5
1 2
7 5
3 5
5 4
6 1
7 5
3 7
6 6
5 4
7 6
4 2
7 6
2 4
2 6

1 0
10 
9 0
15 11 14 7 13 10 4 7 17 
2 0
0 10 
2 0
13 17 
3 3
9 12 3 1 1
1 1
1 2

1 0
9 
8 3
8 5 15 8 3 4 6 19 2 5
2 6
6 7

9 28
3 10 17 7 10 9 13 6 18 1 1
8 2
6 1
8 2
2 1
4 1
5 7
1 1
5 6
1 1
2 2
2 8
3 4
1 7
5 7
2 6
6 2
4 2
5 7
3 6
4 2
5 7
8 6
2 4
1 5
5 6
5 7
8 5

8 32
2 14 17 2 16 15 12 5 7 5
3 2
2 2
7 4
6 5
4 1
4 2
3 2
4 3
7 6
6 2
5 5
6 7
7 7
4 5
2 6
1 5
6 7
6 6
5 6
4 2
7 7
5 3
7 3
1 3
2 7
3 4
7 5
5 5
5 5
2 3
7 6

1 0
17 
4 14
3 18 19 7 3 2
1 3
2 2
1 3
3 3
3 3
2 2
1 2
2 2
2 3
1 1
3 2
3 3
1 2

6 11
0 7 16 17 13 4 4 4
4 4
2 4
2 4
3 1
3 5
3 1
1 5
2 1
3 3
4 2

1 0
9 
5 5
6 0 9 4 9 2 4
3 1
2 3
2 1
4 2

2 1
4 13 1 1

2 0
17 1 
5 4
17 3 13 6 12 1 3
2 4
4 1
1 2

6 28
16 9 12 18 1 12 1 5
1 1
2 4
3 3
3 1
2 2
4 4
1 4
2 1
2 4
4 3
1 2
2 2
5 5
5 5
4 3
3 4
5 1
2 4
2 2
2 4
1 2
4 1
4 1
5 4
1 4
3 3
2 2

6 8
0 6 18 13 13 18 1 1
2 5
4 2
4 5
5 2
3 3
3 3
3 1

8 31
19 16 0 9 19 7 19 19 7 7
6 6
1 6
5 2
5 4
6 2
7 1
4 5
2 1
1 4
6 6
6 5
3 4
7 5
6 6
1 6
7 5
7 3
6 5
3 2
5 4
5 1
5 7
6 2
2 2
5 4
4 1
3 1
1 3
3 4
2 1

3 2
17 10 12 2 1
2 2

5 10
0 13 11 14 9 4 3
2 1
1 1
4 4
1 4
1 2
1 3
4 1
1 4
3 3

3 5
15 13 2 2 2
1 2
1 1
1 2
1 2

8 10
0 6 19 2 1 18 4 15 1 3
5 6
2 5
1 4
5 4
4 5
3 1
1 7
5 6
3 1

4 15
4 16 9 12 1 3
1 1
2 3
3 2
3 3
3 1
2 3
2 1
3 2
2 1
3 2
3 2
2 3
1 3
3 3

4 10
17 13 5 18 1 1
1 3
1 2
1 1
3 1
2 3
2 1
1 2
3 1
2 3

2 3
3 0 1 1
1 1
1 1

1 0
0 
3 4
8 14 0 1 1
2 1
2 1
2 1

7 47
10 11 6 4 4 14 3 2 6
4 3
2 4
5 2
4 4
4 2
4 2
5 5
2 1
3 4
3 3
5 4
4 1
4 2
1 2
5 5
4 1
6 5
1 3
6 2
2 6
4 6
3 3
3 6
2 3
6 3
3 1
2 4
1 4
4 4
3 6
4 6
2 5
5 3
1 4
4 1
6 2
3 3
4 5
4 1
1 6
3 3
5 2
6 5
4 4
1 4
1 1

5 12
13 3 11 3 11 1 1
1 4
2 2
2 1
2 3
1 3
4 1
1 2
2 4
1 3
3 3
4 3

7 5
10 8 11 0 11 12 5 1 2
1 3
3 2
2 4
3 3

1 0
2 
5 7
7 19 11 19 13 3 3
2 4
2 2
4 2
2 1
4 2
1 1

2 2
7 12 1 1
1 1

6 27
7 3 3 18 13 7 2 1
2 4
1 4
4 2
1 4
1 5
3 5
1 5
5 5
3 1
3 1
3 1
2 2
5 1
5 1
3 4
2 5
2 2
4 5
4 4
1 2
2 4
3 1
4 1
2 1
2 1
2 3

6 8
2 6 10 7 0 9 5 4
5 2
2 2
5 4
5 1
3 1
2 2
5 4

4 13
2 17 19 6 2 1
3 2
1 2
1 2
3 2
2 3
2 1
1 2
1 1
1 1
3 3
2 1
2 3

