20 683301
31666 20897 22543 9802 26743 26371 30999 17121 10721 6779 16337 29329 6519 12546 10396 7754 8764 14370 24366 1532 
2 1
3 1
4 1
5 2
6 2
7 6
8 1
9 7
10 1
11 2
12 11
13 8
14 2
15 13
16 7
17 2
18 7
19 13
20 10
20 554067
32649 13988 15183 6668 14215 29233 2135 13606 23525 12121 12374 1023 27411 7646 25304 31622 15258 23094 10827 7422 
2 1
3 2
4 1
5 2
6 3
7 5
8 3
9 2
10 2
11 4
12 1
13 7
14 13
15 5
16 8
17 2
18 1
19 5
20 5
20 116982
13813 13905 27733 11312 29015 21609 4496 27958 3678 1608 25943 10486 23587 10035 15402 28414 17605 28250 20427 13340 
2 1
3 1
4 3
5 3
6 2
7 4
8 3
9 6
10 1
11 3
12 2
13 7
14 8
15 12
16 10
17 5
18 8
19 15
20 3
20 223046
2415 28588 10956 8083 16311 20752 16427 24599 29832 26309 7374 16933 29374 23115 26122 12363 11001 2254 14116 77 
2 1
3 2
4 1
5 4
6 3
7 3
8 3
9 8
10 5
11 7
12 9
13 4
14 12
15 14
16 12
17 9
18 17
19 10
20 12
20 1
18923 3346 8417 4572 11560 30267 22797 2470 29470 29085 32607 19595 2844 219 24635 16752 7235 23329 4210 15090 
2 1
3 2
4 2
5 1
6 5
7 2
8 5
9 6
10 1
11 1
12 3
13 3
14 6
15 14
16 3
17 12
18 15
19 11
20 2
20 780648
21760 27478 3956 4711 3482 23050 7183 31671 22666 18396 15607 22306 5145 4859 11377 14191 837 16515 12538 1970 
2 1
3 2
4 1
5 1
6 2
7 2
8 5
9 5
10 2
11 8
12 9
13 12
14 1
15 8
16 14
17 4
18 8
19 9
20 4
20 10616
27909 1993 10615 8110 22455 6718 8880 10616 17465 30811 22965 23453 18035 19701 23120 11722 26156 29767 29991 15906 
2 1
3 1
4 1
5 3
6 2
7 4
8 5
9 1
10 8
11 9
12 8
13 7
14 13
15 12
16 14
17 9
18 8
19 10
20 5
20 1
29181 32016 9967 20926 31484 22895 27138 17717 6858 31404 13974 14301 32231 21337 3264 25094 4527 6259 5725 11182 
2 1
3 1
4 3
5 4
6 3
7 1
8 5
9 3
10 2
11 2
12 3
13 9
14 3
15 8
16 4
17 10
18 4
19 13
20 16
20 704534
13871 16602 22869 13467 2583 4973 23290 5850 13330 4237 10918 10736 28358 5593 18129 27781 4099 27755 13432 28340 
2 1
3 1
4 1
5 4
6 3
7 2
8 6
9 5
10 7
11 4
12 11
13 6
14 2
15 12
16 12
17 9
18 8
19 16
20 10
20 187924
28070 1230 31308 1947 31303 26284 22448 6079 15663 32564 14493 2731 25491 19922 18847 6733 16628 5144 20947 3549 
2 1
3 2
4 2
5 3
6 1
7 1
8 4
9 4
10 9
11 2
12 3
13 8
14 13
15 14
16 6
17 7
18 2
19 5
20 19
20 587939
2851 9034 23264 20263 4009 27348 25907 27810 25629 16389 25134 9027 19913 6040 26103 8101 19370 9758 32295 30479 
2 1
3 2
4 2
5 4
6 1
7 4
8 7
9 4
10 3
11 10
12 7
13 2
14 9
15 7
16 10
17 14
18 11
19 17
20 7
20 460147
3616 27851 21711 29796 9142 27844 18683 6366 7055 7327 7546 28786 4574 19924 11186 17793 25546 29694 14246 12178 
2 1
3 1
4 1
5 1
6 2
7 4
8 4
9 5
10 6
11 5
12 10
13 7
14 7
15 6
16 1
17 13
18 1
19 13
20 18
20 1
9457 3352 14477 8869 5736 32430 11804 3650 27887 13368 21089 521 25108 3228 9720 25656 19177 12600 29465 17208 
2 1
3 2
4 1
5 4
6 4
7 4
8 5
9 1
10 6
11 2
12 10
13 10
14 12
15 10
16 15
17 10
18 17
19 3
20 15
20 1
25386 10113 14842 15555 15289 18193 29130 6928 13278 14529 21668 30721 1225 9738 9965 1023 25741 22211 4847 31409 
2 1
3 2
4 3
5 2
6 5
7 3
8 2
9 3
10 7
11 10
12 8
13 11
14 12
15 14
16 5
17 11
18 9
19 6
20 1
20 4486
30670 18391 25357 13485 18041 27585 24531 15372 4486 22614 23834 30309 23087 27775 22133 26641 28217 28281 10878 8524 
2 1
3 2
4 3
5 1
6 3
7 2
8 6
9 5
10 7
11 9
12 8
13 4
14 2
15 8
16 10
17 14
18 15
19 7
20 12
20 748625
6144 27109 9945 21953 24234 28220 16145 4775 14234 21458 24420 22446 10947 5846 5910 11164 17962 26191 3555 14543 
2 1
3 1
4 3
5 1
6 3
7 4
8 2
9 6
10 7
11 4
12 2
13 2
14 6
15 10
16 11
17 14
18 11
19 9
20 19
20 25350
2589 13199 8379 16093 3313 23801 25350 16295 10714 17837 4834 31078 2779 14635 12576 32704 29397 13668 12354 30267 
2 1
3 2
4 1
5 1
6 3
7 5
8 3
9 3
10 7
11 1
12 2
13 7
14 7
15 5
16 11
17 2
18 13
19 13
20 3
20 525878
12942 7654 10898 27424 15794 29050 23328 14560 4725 9322 27872 18737 16662 26895 24474 6214 8779 3412 348 21640 
2 1
3 2
4 2
5 2
6 2
7 3
8 5
9 4
10 4
11 10
12 7
13 3
14 3
15 2
16 7
17 7
18 8
19 10
20 19
20 1
1723 16341 4682 20692 9705 7490 6491 27857 4259 10814 28451 18564 27810 13875 9137 30933 27651 6231 10419 709 
2 1
3 1
4 3
5 2
6 1
7 5
8 7
9 8
10 6
11 5
12 9
13 8
14 8
15 5
16 2
17 7
18 16
19 2
20 9
20 1
11224 18728 8748 23545 6389 14343 22832 14662 21060 4028 24940 9151 30094 14587 31380 11994 4291 28936 30634 288 
2 1
3 2
4 1
5 1
6 3
7 4
8 5
9 8
10 7
11 1
12 9
13 9
14 7
15 3
16 7
17 12
18 14
19 11
20 5
20 1
5774 3879 14506 28267 12735 1963 32030 29269 8300 416 7565 17755 27809 9841 1802 9302 5022 8942 1394 29881 
2 1
3 1
4 3
5 3
6 4
7 5
8 5
9 6
10 6
11 7
12 6
13 6
14 6
15 5
16 6
17 11
18 5
19 10
20 16
20 35781
3497 25596 9118 10646 25348 18151 21547 1352 7207 31254 21780 4201 14699 11662 17179 11847 9275 11041 28315 9309 
2 1
3 1
4 2
5 1
6 2
7 5
8 4
9 4
10 5
11 4
12 8
13 9
14 3
15 2
16 1
17 2
18 11
19 3
20 19
20 735734
19792 24717 10298 9781 25006 12728 4652 14159 3032 15380 29895 13733 7316 27616 12200 21885 15847 11929 30623 16492 
2 1
3 1
4 2
5 1
6 3
7 6
8 5
9 3
10 7
11 1
12 5
13 4
14 4
15 4
16 11
17 11
18 3
19 7
20 16
20 440640
378 23715 25626 29841 14723 1755 3258 10776 6905 11160 21860 29878 29066 6116 1739 10980 26654 16 9416 7842 
2 1
3 1
4 3
5 2
6 5
7 5
8 2
9 4
10 8
11 10
12 1
13 11
14 4
15 4
16 8
17 10
18 2
19 9
20 14
20 761919
13720 7021 21812 23609 1937 27654 21534 16542 7475 12265 4698 8061 3618 9658 844 20661 31885 10619 2879 32376 
2 1
3 1
4 2
5 3
6 4
7 6
8 6
9 4
10 2
11 1
12 2
13 6
14 4
15 5
16 3
17 15
18 14
19 12
20 2
20 282784
31909 17091 9627 25645 7961 18081 21140 17606 4858 17715 30330 28543 28622 14076 10902 20494 3009 3458 32290 19791 
2 1
3 2
4 2
5 2
6 2
7 3
8 5
9 5
10 2
11 2
12 5
13 4
14 4
15 7
16 3
17 11
18 9
19 10
20 10
20 281540
18473 6574 9556 17645 5362 29988 3513 23209 10555 28945 17370 15825 25961 10452 32746 26326 15610 27525 6128 18869 
2 1
3 1
4 2
5 1
6 4
7 6
8 5
9 7
10 7
11 6
12 3
13 7
14 12
15 6
16 12
17 2
18 7
19 18
20 10
20 28829
30154 22312 30636 5107 8856 30063 17669 28829 1723 484 32591 1035 25043 7093 28363 17413 9942 11539 19388 25431 
2 1
3 1
4 3
5 1
6 2
7 2
8 5
9 5
10 9
11 8
12 7
13 9
14 11
15 9
16 3
17 1
18 1
19 4
20 16
20 503413
23166 3088 13002 19573 21849 31408 17814 854 16688 27396 10581 18727 28365 28217 24529 14495 28127 30163 29392 22908 
2 1
3 1
4 1
5 1
6 5
7 4
8 6
9 1
10 9
11 2
12 2
13 1
14 2
15 14
16 11
17 1
18 10
19 7
20 5
20 534522
20352 31679 22395 25487 24429 20914 14013 19389 6473 16433 15681 20330 8405 26894 7782 18951 17171 1876 729 29731 
2 1
3 2
4 1
5 3
6 3
7 3
8 6
9 3
10 1
11 2
12 6
13 6
14 11
15 6
16 3
17 4
18 3
19 17
20 18
20 760589
20628 5322 27746 26141 28627 17584 11277 20551 28697 22740 15616 4245 17404 21509 18204 24181 30721 14405 3498 21530 
2 1
3 2
4 1
5 2
6 2
7 4
8 5
9 4
10 6
11 5
12 5
13 2
14 3
15 1
16 5
17 6
18 1
19 9
20 10
20 331791
25664 16336 31517 17644 841 2050 16602 28152 6556 4068 19171 25621 3805 27801 13722 32429 5917 4862 12088 19622 
2 1
3 2
4 2
5 1
6 4
7 4
8 5
9 2
10 4
11 9
12 5
13 12
14 2
15 13
16 8
17 10
18 12
19 2
20 14
20 601598
7674 29797 32498 20 31680 10035 13926 19798 3928 30608 11295 7930 19525 19587 9816 28762 5701 14689 28515 5521 
2 1
3 1
4 2
5 2
6 5
7 3
8 7
9 5
10 6
11 9
12 2
13 6
14 4
15 12
16 3
17 4
18 9
19 14
20 9
20 1
24461 1146 21538 25742 17680 32360 20791 28145 25410 16390 22024 10182 27950 19263 19356 19078 7866 31863 11422 30400 
2 1
3 2
4 2
5 1
6 1
7 5
8 7
9 1
10 8
11 7
12 6
13 4
14 1
15 8
16 10
17 16
18 1
19 5
20 1
20 345748
25111 25815 13315 5994 13537 5672 21315 3923 32368 3806 11573 26752 9242 22409 15990 10799 22778 15463 12707 26262 
2 1
3 2
4 3
5 2
6 2
7 6
8 1
9 4
10 5
11 1
12 5
13 5
14 5
15 2
16 7
17 4
18 14
19 18
20 7
20 81912
20584 30068 5468 18480 30977 18388 16374 20594 71 10525 12557 20372 22511 15931 19377 26353 31799 12678 29605 727 
2 1
3 1
4 3
5 2
6 2
7 4
8 6
9 6
10 1
11 1
12 1
13 9
14 9
15 10
16 5
17 6
18 9
19 13
20 10
20 914169
11194 32482 12738 10316 6816 30589 25671 30460 18965 11218 16236 15446 14306 25107 29171 10284 24678 16821 28614 24519 
2 1
3 1
4 3
5 2
6 5
7 3
8 7
9 4
10 4
11 9
12 6
13 11
14 2
15 1
16 15
17 16
18 9
19 2
20 10
20 1
8434 20993 18411 16285 11815 31704 14411 32269 14438 12201 15206 22098 21273 7248 18810 4414 20246 3410 1475 29619 
2 1
3 2
4 3
5 2
6 3
7 5
8 6
9 4
10 2
11 5
12 3
13 12
14 12
15 14
16 4
17 11
18 14
19 18
20 10
20 251434
12263 17838 18472 30333 1698 3962 26890 24636 3700 10772 32583 30377 7683 26654 20292 30623 6803 32092 21253 29996 
2 1
3 1
4 1
5 1
6 5
7 6
8 3
9 5
10 1
11 10
12 8
13 9
14 5
15 8
16 10
17 16
18 3
19 14
20 3
20 199948
24419 16947 15244 17362 255 28329 138 6902 31094 15068 28011 2345 5282 11084 31870 18439 27644 24736 17565 26777 
2 1
3 2
4 3
5 2
6 1
7 4
8 2
9 1
10 7
11 7
12 7
13 11
14 12
15 6
16 15
17 9
18 9
19 13
20 15
20 609070
32735 13476 14184 27159 1674 9055 1857 14759 8388 26418 31877 12004 31791 29894 135 30693 4186 8195 10208 26095 
2 1
3 1
4 3
5 4
6 2
7 4
8 4
9 8
10 1
11 3
12 6
13 3
14 10
15 9
16 12
17 3
18 10
19 1
20 14
20 1
1066 13412 24098 8276 3946 1368 28019 23839 17678 7065 4963 1651 30698 30145 12024 11979 8665 21068 16525 25002 
2 1
3 2
4 1
5 2
6 2
7 6
8 6
9 4
10 5
11 4
12 9
13 3
14 5
15 1
16 2
17 1
18 17
19 13
20 13
20 430460
2672 27533 7064 31874 1295 11836 23593 16436 19469 15426 15704 24105 1007 23714 3176 18342 3503 3579 10446 3167 
2 1
3 2
4 1
5 3
6 3
7 2
8 2
9 2
10 9
11 5
12 2
13 11
14 7
15 9
16 4
17 15
18 16
19 13
20 9
20 198233
8549 32497 18053 719 14804 8780 3260 15509 3962 8111 977 19162 18021 8449 11234 29644 30808 21512 19057 14974 
2 1
3 2
4 3
5 3
6 3
7 5
8 7
9 6
10 7
11 9
12 9
13 5
14 13
15 13
16 1
17 8
18 11
19 11
20 15
20 397569
29823 21739 27043 29108 3648 17424 17204 23357 11575 6587 23238 14862 21101 20062 5200 14932 12590 24739 27175 18978 
2 1
3 1
4 2
5 3
6 4
7 6
8 4
9 3
10 6
11 5
12 1
13 3
14 7
15 11
16 14
17 11
18 1
19 1
20 11
20 312919
10115 16953 32394 19695 7589 26114 21216 6681 15330 19798 23806 10416 16777 32603 30786 21547 5001 10067 21685 14075 
2 1
3 1
4 1
5 1
6 3
7 1
8 7
9 8
10 3
11 4
12 8
13 11
14 5
15 4
16 2
17 3
18 15
19 15
20 19
20 930447
5330 25238 10606 22955 15126 32549 32246 21684 31317 24980 25182 16283 16260 5530 31700 4580 12006 19966 4945 3257 
2 1
3 1
4 2
5 4
6 4
7 2
8 2
9 8
10 1
11 2
12 9
13 9
14 12
15 10
16 10
17 12
18 14
19 16
20 8
20 22578
11062 18132 22610 17538 29928 16391 22566 14337 8632 745 5574 17809 6650 23188 25523 6720 10444 11964 28579 15995 
2 1
3 2
4 3
5 4
6 4
7 3
8 4
9 5
10 8
11 10
12 2
13 3
14 6
15 13
16 7
17 16
18 14
19 11
20 3
20 520711
7970 15514 22857 5671 4154 5034 26962 27046 16691 23453 26911 10883 26637 11266 9564 30926 21092 21137 20777 9784 
2 1
3 2
4 1
5 1
6 3
7 4
8 2
9 7
10 8
11 10
12 7
13 2
14 1
15 12
16 1
17 15
18 2
19 11
20 16
20 698427
22687 21527 23255 32206 18233 3125 28916 8528 18274 30436 28071 31286 16372 12968 15414 12862 12544 1880 27881 8477 
2 1
3 1
4 2
5 1
6 3
7 3
8 3
9 1
10 7
11 7
12 10
13 8
14 8
15 10
16 15
17 7
18 5
19 2
20 13
20 461668
19040 32335 9880 24748 23576 26001 11232 28405 26909 24605 31653 21665 32610 29869 12307 30786 3075 14721 11699 30278 
2 1
3 2
4 3
5 4
6 2
7 6
8 7
9 3
10 9
11 4
12 1
13 6
14 13
15 12
16 15
17 6
18 15
19 17
20 15
20 794663
32692 15048 4531 7215 6132 14381 11604 23316 15913 21537 2055 12443 14584 27841 12601 12551 17388 9856 30315 874 
2 1
3 1
4 1
5 1
6 1
7 6
8 6
9 1
10 2
11 5
12 9
13 12
14 9
15 14
16 6
17 1
18 10
19 16
20 7
20 588486
32327 23994 26561 3254 24611 15529 2464 1617 1009 5293 22421 14774 13367 15802 25358 26284 5490 24301 14597 8019 
2 1
3 2
4 3
5 4
6 3
7 4
8 3
9 8
10 9
11 4
12 1
13 7
14 9
15 9
16 8
17 5
18 9
19 17
20 1
20 780470
26100 4125 19506 17652 32155 11541 3015 31743 19296 28238 16068 7252 26298 11895 12776 26956 18669 30670 9290 19500 
2 1
3 1
4 2
5 2
6 2
7 5
8 6
9 4
10 9
11 10
12 7
13 1
14 8
15 10
16 15
17 7
18 11
19 9
20 16
20 884055
21538 22819 856 574 20842 29439 18660 8055 14951 22355 6730 7008 13466 25640 12735 2666 31110 18568 12145 17432 
2 1
3 1
4 1
5 1
6 4
7 6
8 1
9 8
10 7
11 7
12 8
13 12
14 9
15 12
16 2
17 14
18 2
19 6
20 9
20 733519
18766 21754 6043 24698 20103 31123 27465 1608 19159 19121 30721 26924 27465 24905 21171 27368 26849 14170 24116 12426 
2 1
3 1
4 2
5 2
6 3
7 3
8 5
9 2
10 8
11 8
12 7
13 3
14 13
15 3
16 12
17 13
18 11
19 3
20 12
20 380163
30430 18166 12425 11373 31835 14705 21626 16812 24478 13281 20672 349 7495 13813 1435 27851 2881 28794 2289 2387 
2 1
3 1
4 3
5 3
6 4
7 4
8 6
9 6
10 4
11 4
12 11
13 11
14 8
15 5
16 3
17 11
18 11
19 1
20 5
20 977353
16462 1387 186 1417 20178 30729 2212 8131 30338 31006 2862 15358 5759 6747 1567 2173 27987 1072 5101 14952 
2 1
3 2
4 3
5 4
6 2
7 3
8 1
9 2
10 5
11 10
12 11
13 10
14 8
15 9
16 7
17 15
18 8
19 8
20 3
20 618397
11858 25566 15557 22686 6102 20116 1818 22908 30698 32655 5312 4609 24625 28281 14601 6475 6178 24184 7639 22467 
2 1
3 2
4 2
5 2
6 4
7 2
8 2
9 2
10 6
11 9
12 7
13 2
14 11
15 13
16 12
17 12
18 13
19 10
20 3
20 1
25481 19550 26801 10991 2947 27921 4856 1086 32613 31032 345 8664 2219 25201 13521 16207 30951 26389 6429 25852 
2 1
3 1
4 2
5 1
6 5
7 6
8 3
9 2
10 4
11 4
12 8
13 4
14 12
15 13
16 9
17 12
18 13
19 8
20 13
20 874187
8653 15134 17072 16793 4981 17351 19471 1711 16093 30422 9036 32501 28236 26884 28558 17677 25006 27425 19637 6753 
2 1
3 2
4 2
5 1
6 3
7 3
8 6
9 6
10 2
11 7
12 4
13 2
14 7
15 3
16 3
17 1
18 15
19 7
20 6
20 1
27722 22437 30976 31578 20219 23098 9099 19998 9154 10216 15539 18765 30333 6698 215 7520 17671 18810 12380 11188 
2 1
3 2
4 3
5 2
6 5
7 1
8 7
9 2
10 5
11 1
12 5
13 6
14 3
15 1
16 3
17 1
18 11
19 12
20 2
20 636343
7648 1330 32329 17165 27929 11415 295 9867 30867 31119 6221 560 12447 26038 14134 6808 10814 18843 19849 29920 
2 1
3 1
4 3
5 4
6 1
7 4
8 7
9 8
10 4
11 10
12 1
13 10
14 9
15 7
16 1
17 9
18 13
19 8
20 4
20 333801
13437 2091 721 26490 23199 259 9421 28986 11910 28954 21349 8729 14897 30337 16440 461 20686 6336 4475 10055 
2 1
3 1
4 3
5 2
6 4
7 1
8 2
9 1
10 5
11 5
12 1
13 2
14 12
15 7
16 10
17 9
18 13
19 16
20 14
20 548613
26989 22695 10842 29006 22968 21589 17887 5712 6722 16716 15227 10042 7306 31903 8005 9685 24842 13165 7724 11879 
2 1
3 2
4 1
5 3
6 4
7 1
8 6
9 8
10 8
11 3
12 6
13 2
14 7
15 11
16 6
17 11
18 8
19 2
20 6
20 691871
17371 31349 21896 21078 20934 21016 29870 1015 3056 16830 10645 16122 7679 20865 31423 21351 11572 4525 30484 5400 
2 1
3 2
4 1
5 3
6 5
7 3
8 6
9 4
10 5
11 3
12 8
13 4
14 7
15 6
16 8
17 3
18 13
19 2
20 16
20 990335
30192 18743 4898 4432 19813 22005 9162 27119 5633 11766 2700 23711 28500 6934 12319 7240 14710 21150 13308 19597 
2 1
3 1
4 1
5 3
6 3
7 2
8 2
9 3
10 2
11 9
12 5
13 5
14 3
15 2
16 15
17 4
18 12
19 2
20 9
20 781044
22102 9052 22666 29678 485 17612 20004 12963 24450 30206 5810 5581 3009 19271 30468 2453 21115 28718 32596 25811 
2 1
3 1
4 3
5 4
6 2
7 3
8 3
9 3
10 8
11 2
12 11
13 10
14 11
15 5
16 5
17 3
18 7
19 10
20 7
20 1
30476 20775 19008 11491 11936 12841 15426 4877 21975 1191 27807 2481 23800 10077 28787 32141 14748 17934 24264 6804 
2 1
3 2
4 3
5 3
6 4
7 5
8 4
9 8
10 9
11 3
12 11
13 1
14 10
15 12
16 15
17 1
18 10
19 9
20 10
20 1
1990 32008 29773 19986 29688 21207 17910 30998 18220 16315 8711 31208 3558 30524 8891 9064 10969 32590 27655 10305 
2 1
3 1
4 1
5 2
6 3
7 3
8 5
9 5
10 1
11 3
12 8
13 4
14 12
15 3
16 13
17 13
18 4
19 2
20 19
20 1
11608 8420 10211 16176 16607 16317 26450 13368 12807 15560 15082 9346 15919 9845 25518 18453 3097 23572 2300 6377 
2 1
3 2
4 1
5 4
6 3
7 5
8 1
9 3
10 3
11 3
12 3
13 9
14 11
15 8
16 6
17 15
18 9
19 17
20 2
20 243367
4309 47 5792 20353 29491 5200 26318 32390 14262 16717 8831 27831 19862 4499 25152 26878 15974 17781 3556 366 
2 1
3 1
4 2
5 4
6 4
7 2
8 1
9 6
10 4
11 9
12 9
13 12
14 9
15 1
16 5
17 15
18 16
19 4
20 18
20 274681
28779 12508 1327 13683 4700 4660 28642 7271 28313 14190 2722 1057 2497 62 11679 15905 8475 24409 16653 4315 
2 1
3 2
4 3
5 1
6 5
7 3
8 4
9 8
10 9
11 9
12 9
13 5
14 6
15 4
16 1
17 1
18 1
19 5
20 2
20 14316
16680 25998 24123 324 29929 14316 14462 12202 7790 22651 19893 8345 31270 30976 4961 4892 11335 18661 26394 27390 
2 1
3 1
4 3
5 4
6 5
7 5
8 5
9 8
10 5
11 6
12 10
13 5
14 7
15 6
16 6
17 14
18 13
19 3
20 13
20 1
17445 12697 23538 16377 31008 12963 22820 9911 3116 31985 25643 27411 9479 15826 18278 30463 27307 4595 14373 18587 
2 1
3 1
4 2
5 3
6 5
7 2
8 6
9 1
10 2
11 4
12 1
13 12
14 11
15 9
16 5
17 1
18 16
19 10
20 16
20 1
8910 27559 14730 23116 3516 21367 16017 29458 13331 21944 574 18940 17854 26811 20334 13574 23835 10354 20762 30412 
2 1
3 2
4 1
5 3
6 3
7 2
8 2
9 7
10 5
11 2
12 4
13 6
14 12
15 10
16 15
17 3
18 12
19 13
20 6
20 679762
1343 13860 14215 12124 27472 18125 22845 31331 30714 23757 21376 1555 22468 24099 29090 14467 16439 12996 8722 4979 
2 1
3 2
4 1
5 3
6 2
7 1
8 5
9 2
10 9
11 5
12 2
13 8
14 4
15 14
16 15
17 10
18 5
19 4
20 7
20 4398
29421 7357 1205 5449 24582 18578 14869 5060 11521 7071 22842 6838 25415 11956 14462 1185 6822 1152 12710 24260 
2 1
3 2
4 3
5 3
6 5
7 3
8 6
9 1
10 8
11 2
12 3
13 6
14 7
15 9
16 3
17 6
18 14
19 12
20 7
20 30007
30998 13463 8969 23037 16054 639 30007 26372 26411 3005 32228 23309 28453 7378 20442 21704 13666 10516 8812 14921 
2 1
3 2
4 3
5 4
6 3
7 5
8 7
9 4
10 1
11 1
12 10
13 8
14 9
15 3
16 14
17 4
18 15
19 8
20 11
20 15898
23466 20748 29426 9421 12166 14767 15015 15898 12956 25264 19224 934 12698 23063 24067 23755 30907 29761 2842 1025 
2 1
3 1
4 1
5 3
6 2
7 2
8 5
9 4
10 1
11 8
12 11
13 3
14 2
15 12
16 1
17 10
18 5
19 14
20 1
20 13386
19635 14595 188 17858 7058 32557 27175 22794 26975 7188 10441 25688 23573 18258 22826 2087 28687 12909 13061 30806 
2 1
3 1
4 2
5 2
6 4
7 4
8 4
9 8
10 4
11 10
12 5
13 2
14 11
15 11
16 3
17 16
18 17
19 13
20 5
20 1
7001 26956 20239 8609 1614 19273 19135 10971 20993 7499 29609 6282 32743 7681 1168 5625 15214 815 29689 14377 
2 1
3 2
4 3
5 3
6 5
7 2
8 6
9 1
10 7
11 8
12 2
13 11
14 8
15 1
16 6
17 11
18 12
19 6
20 5
20 381313
20253 26245 30392 4624 11938 21965 20378 8826 32373 27743 24064 21554 22726 31805 2610 4983 18859 11958 12182 2083 
2 1
3 2
4 2
5 4
6 2
7 1
8 2
9 6
10 2
11 8
12 5
13 12
14 9
15 5
16 5
17 6
18 16
19 13
20 18
20 74563
1253 32104 24378 20326 5868 11624 17212 21656 19435 14317 16744 12834 5987 25731 23785 4370 9851 29384 16826 27911 
2 1
3 2
4 3
5 4
6 3
7 4
8 5
9 2
10 6
11 6
12 10
13 10
14 1
15 13
16 8
17 5
18 12
19 15
20 16
20 868597
29410 8866 23767 24074 26223 5875 8004 5096 15265 26680 6434 15489 24956 28917 1083 3719 18362 26258 29350 31940 
2 1
3 2
4 3
5 3
6 3
7 4
8 7
9 6
10 8
11 8
12 10
13 5
14 1
15 8
16 14
17 13
18 3
19 11
20 2
20 189103
1409 31610 30738 4975 18391 10580 4658 21321 29154 12714 7175 10886 30261 19928 30284 4234 25072 15496 29395 9834 
2 1
3 2
4 2
5 2
6 2
7 4
8 1
9 7
10 2
11 4
12 10
13 4
14 5
15 14
16 14
17 6
18 16
19 8
20 11
20 362955
25315 1771 22495 9995 18393 32044 3563 8631 19373 14188 10814 5831 3228 6526 1451 11992 14244 26617 12221 25432 
2 1
3 2
4 2
5 3
6 2
7 3
8 5
9 6
10 1
11 9
12 3
13 10
14 12
15 5
16 3
17 10
18 12
19 7
20 5
20 1
7055 29450 2803 31198 5148 12183 242 14887 31915 18666 20029 20419 26529 6114 30717 15298 24610 4139 9223 19005 
2 1
3 1
4 1
5 1
6 1
7 1
8 1
9 6
10 5
11 9
12 2
13 6
14 2
15 11
16 4
17 6
18 6
19 7
20 19
20 22157
13919 29901 3571 23393 9701 30111 24976 4495 22157 14160 14787 26726 3572 20122 26539 32414 31168 21783 30409 26815 
2 1
3 1
4 1
5 1
6 1
7 3
8 7
9 5
10 2
11 9
12 4
13 6
14 9
15 12
16 1
17 12
18 11
19 16
20 4
20 765477
27344 2183 15229 9468 11592 8761 17754 5067 2027 14438 16078 26812 25974 10730 28183 26783 28878 18979 7404 10983 
2 1
3 2
4 3
5 2
6 1
7 1
8 1
9 4
10 8
11 10
12 4
13 7
14 13
15 10
16 1
17 5
18 14
19 1
20 15
20 160980
4162 26551 8247 7499 18629 23266 12511 27679 7209 23135 6576 32533 29003 20005 3350 16376 18337 16741 3280 32669 
2 1
3 1
4 1
5 1
6 1
7 5
8 5
9 6
10 3
11 10
12 7
13 6
14 6
15 3
16 12
17 7
18 6
19 7
20 14
20 528166
22989 19717 18534 17117 2711 22326 27231 22662 7964 16485 17626 26687 28340 16536 13713 1896 28045 7767 16319 26596 
2 1
3 2
4 1
5 3
6 2
7 3
8 1
9 6
10 5
11 6
12 4
13 3
14 2
15 10
16 13
17 6
18 1
19 5
20 19
20 310455
13743 24947 21954 29237 20520 32281 14297 12051 20070 18967 20473 418 22571 12722 28324 30830 416 30981 1495 17039 
2 1
3 2
4 2
5 1
6 5
7 6
8 6
9 8
10 7
11 7
12 1
13 1
14 12
15 11
16 2
17 14
18 6
19 10
20 3
20 170636
25733 30263 21376 25907 20830 3907 23511 31490 1973 30771 9066 10853 16257 30255 21391 19684 11132 29469 26731 163 
2 1
3 1
4 1
5 4
6 2
7 2
8 3
9 4
10 9
11 9
12 2
13 12
14 8
15 7
16 4
17 9
18 4
19 12
20 16
20 533645
26571 3261 9160 23090 23747 23124 11711 31575 30325 26389 1595 20713 18158 14182 12374 24748 20394 20066 19473 3756 
2 1
3 1
4 3
5 3
6 2
7 2
8 3
9 5
10 4
11 1
12 1
13 11
14 7
15 10
16 14
17 5
18 10
19 14
20 14
20 394090
4183 12975 21773 22386 17078 23745 8587 26394 13460 9186 30775 22575 5710 8973 17386 30387 7724 10361 1750 13730 
2 1
3 2
4 1
5 2
6 5
7 1
8 7
9 7
10 8
11 4
12 9
13 4
14 9
15 6
16 12
17 14
18 7
19 13
20 8
20 725595
3275 29223 32519 3001 19744 3626 18497 15246 29024 878 19107 29971 19719 30996 27684 13437 8522 18952 75 4670 
2 1
3 1
4 1
5 1
6 2
7 1
8 1
9 8
10 3
11 8
12 11
13 11
14 3
15 13
16 6
17 7
18 10
19 8
20 2
20 14081
11569 5716 17986 20261 6762 14081 5501 3830 3759 2627 10685 19806 29253 21090 2817 17899 22471 18327 110 5063 
2 1
3 1
4 2
5 4
6 5
7 1
8 3
9 2
10 5
11 6
12 4
13 11
14 7
15 10
16 11
17 8
18 6
19 5
20 11
20 654945
29760 23345 8818 20387 6565 30608 22503 32460 20433 29520 19995 4883 5265 28057 7652 7945 22777 22720 24471 19392 
2 1
3 2
4 2
5 1
6 2
7 6
8 3
9 4
10 7
11 7
12 5
13 3
14 9
15 9
16 2
17 5
18 2
19 2
20 19
20 183419
20474 23332 20249 4751 2850 13753 8565 25195 32507 1830 8319 7313 30453 18223 5825 3063 21124 22150 9459 17920 
2 1
3 2
4 1
5 1
6 2
7 6
8 1
9 7
10 6
11 4
12 10
13 1
14 10
15 13
16 4
17 15
18 10
19 3
20 9
