11 700
2 5 7 6 6 5 3 2 5 7 10
1 3
2 3
3 4
4 5
4 6
4 7
4 8
8 9
9 10
8 11

11 360
2 5 7 6 6 5 3 2 5 7 10
1 3
2 3
3 4
4 5
4 6
4 7
4 8
8 9
9 10
8 11

11 420
2 5 7 6 6 5 3 2 5 7 10
1 3
2 3
3 4
4 5
4 6
4 7
4 8
8 9
9 10
8 11

15 270
5 6 3 4 4 2 3 5 3 2 6 3 2 5 6
1 3
2 3
3 6
6 4
6 5
6 7
7 8
8 9
9 10
8 11
11 12
11 13
13 14
14 15
15 90
5 6 3 4 4 2 3 5 3 2 6 3 2 5 6
1 3
2 3
3 6
6 4
6 5
6 7
7 8
8 9
9 10
8 11
11 12
11 13
13 14
14 15

15 60
5 6 3 4 4 2 3 5 3 2 6 3 2 5 6
1 3
2 3
3 6
6 4
6 5
6 7
7 8
8 9
9 10
8 11
11 12
11 13
13 14
14 15

15 36
5 6 3 4 4 2 3 5 3 2 6 3 2 5 6
1 3
2 3
3 6
6 4
6 5
6 7
7 8
8 9
9 10
8 11
11 12
11 13
13 14
14 15

15 1080
5 6 3 4 4 2 3 5 3 2 6 3 2 5 6
1 3
2 3
3 6
6 4
6 5
6 7
7 8
8 9
9 10
8 11
11 12
11 13
13 14
14 15

5 30
2 5 2 3 3
1 2
1 3
2 4
2 5



5 60
2 5 2 3 3
1 2
1 3
2 4
2 5

5 785617
99999 1000002 436754 678432 112345
1 2
1 3
2 4
2 5

5 301050
99999 1000002 436754 678432 112345
1 2
1 3
2 4
2 5

5 2
2 2 2 3 3
1 2
1 3
2 4
2 5