6
29845 29844 29843 29842 29841 29840 
29845 5775 1 29843
29843
29843
29844 17525 0 29843
29843
29843
29843
29843 22238 5 29842 19498 3 29845
29845
29845
29841 20676 5 29840 30854 3 
8
7169 7168 7167 7166 7165 7164 7163 7162 
7169 31966 6 7173
7173
7173
7173
7173
7173
7168 10025 2 7168
7168
7168
7168
7168
7167 17876 6 7169
7169
7166 16993 4 7165 29609 0 7164
7164
7164
7164 30952 3 7167
7167
7167
7163 12491 7 7174
7174
7174
7174
7174
7174
7162 26660 3 7166
7166

1
12555 
12555 1825 0 
8
31330 31329 31328 31327 31326 31325 31324 31323 
31330 15637 5 31329 25099 5 31331
31331
31331
31331
31328 31224 6 31334
31334
31334
31334
31334
31334
31327 10723 3 31327
31327
31326 4022 4 31329
31329
31329
31325 8809 4 31324 32349 4 31328
31328
31323 20685 0 31323

9
8936 8935 8934 8933 8932 8931 8930 8929 8928 
8936 21639 8 8939
8939
8939
8939
8935 7375 6 8934
8934 8482 4 8939
8939
8939
8939
8939
8939
8939
8939
8933 13950 0 8929
8929
8932 13334 6 8940
8940
8940
8940
8940
8940
8940
8931 26674 5 8933
8930 3899 4 8937
8937
8937
8937
8937
8937
8929 14030 6 8934
8928 24873 1 8932
8932
8932
8932

4
16801 16800 16799 16798 
16801 14812 3 16801
16800 11839 2 16801
16801
16799 10663 2 16800
16798 12398 0 16800
16800
16800

9
29852 29851 29850 29849 29848 29847 29846 29845 29844 
29852 13814 6 29851
29851
29851 4963 4 29853
29853
29853
29853
29853
29853
29850 12661 4 29851
29851
29851
29851
29849 24107 5 29852
29852
29852
29852
29848 23797 4 29853
29853
29853
29853
29853
29853
29847 2767 4 29850
29850
29850
29846 4822 6 29856
29856
29856
29856
29856
29856
29856
29845 8123 7 29851
29844 29323 2 29852
29852
29852
29852
29852
29852
29852

4
15419 15418 15417 15416 
15419 5811 1 15417
15418 16287 1 15419
15419
15419
15417 30621 2 15416 21917 2 15419
15419

8
27356 27355 27354 27353 27352 27351 27350 27349 
27356 7374 1 27353
27353
27353
27353
27355 15789 0 27351
27351
27351
27354 16395 5 27360
27360
27360
27360
27360
27360
27360
27353 32138 0 27352
27352
27352
27352
27352 14066 1 27351
27351
27351 30858 7 27361
27361
27361
27361
27361
27361
27350 23044 7 27358
27358
27358
27349 4933 4 27354
27354

0


3
19540 19539 19538 
19540 32507 2 19541
19541
19539 27222 2 19541
19541
19538 16060 2 19541
19541

2
23853 23852 
23853 27157 1 23853
23852 21537 0 
5
4736 4735 4734 4733 4732 
4736 25116 0 4735
4735
4735
4735
4735 18091 2 4736
4736
4736
4734 24721 3 4735
4733 28253 0 4735
4735
4735
4735
4732 2818 3 4738
4738
4738
4738

0


6
31256 31255 31254 31253 31252 31251 
31256 11969 5 31255 13778 0 31254 11162 0 31251
31253 24670 5 31252 5467 2 31255
31255
31255
31251 3522 3 31255
31255

5
23339 23338 23337 23336 23335 
23339 21639 2 23340
23340
23340
23340
23338 29596 2 23337
23337 28575 0 23336 29108 1 23337
23337
23335 4969 0 
9
2675 2674 2673 2672 2671 2670 2669 2668 2667 
2675 23148 3 2671
2671
2674 3576 4 2673
2673
2673
2673 16301 2 2670
2670
2672 16257 8 2677
2677
2677
2671 16334 4 2677
2677
2677
2677
2677
2677
2677
2670 27496 0 2671
2671
2671
2671
2671
2669 5059 5 2673
2673
2668 8685 0 2667
2667 12650 4 2672
2672

7
799 798 797 796 795 794 793 
799 32566 5 800
800
800
798 31173 2 800
800
800
800
800
800
797 18754 1 795
795
796 5283 3 795 16437 4 801
801
801
801
801
794 13547 0 796
796
796
796
793 10928 5 802
802
802
802
802

6
31778 31777 31776 31775 31774 31773 
31778 26855 3 31778
31778
31778
31777 14485 3 31776
31776 17429 1 31777
31777
31777
31777
31775 7443 4 31780
31780
31780
31780
31774 2844 5 31780
31780
31780
31773 10624 5 31778

4
14205 14204 14203 14202 
14205 15798 2 14204 13639 1 14204
14204
14203 7001 3 14202 5363 1 
9
9577 9576 9575 9574 9573 9572 9571 9570 9569 
9577 12983 5 9577
9577
9577
9577
9576 28121 2 9575
9575
9575
9575
9575
9575 23343 8 9581
9581
9581
9581
9581
9574 27481 2 9576
9576
9576
9576
9576
9576
9573 12239 6 9580
9580
9580
9580
9580
9580
9572 6107 0 9576
9576
9576
9576
9576
9576
9576
9576
9571 23416 3 9570 28310 5 9576
9576
9576
9569 8120 1 9573
9573
9573
9573

9
16886 16885 16884 16883 16882 16881 16880 16879 16878 
16886 31225 4 16885 4061 0 16879
16879
16884 3422 4 16883 32632 4 16888
16888
16888
16888
16888
16888
16888
16882 29158 7 16881 29410 6 16880 27110 6 16889
16889
16889
16889
16889
16889
16879 30563 1 16878 15467 5 16887
16887
16887
16887
16887

4
26950 26949 26948 26947 
26950 30359 3 26950
26949 8077 1 26950
26950
26950
26948 11042 0 26947 3152 3 26951
26951

7
30998 30997 30996 30995 30994 30993 30992 
30998 28797 6 30997 17593 0 30996
30996
30996
30996
30996
30996 15946 5 31002
31002
31002
31002
31002
31002
30995 26271 0 30997
30997
30997
30997
30997
30997
30994 20655 4 30993 4548 5 30992 15497 3 30999
30999
30999
30999
30999

3
12010 12009 12008 
12010 4237 1 12010
12010
12009 19569 2 12011
12011
12008 5736 2 12011
12011

6
31892 31891 31890 31889 31888 31887 
31892 2691 2 31889
31891 13988 4 31894
31894
31894
31894
31890 22092 0 31889 13210 1 31888
31888 5524 1 31887 25921 2 
8
17838 17837 17836 17835 17834 17833 17832 17831 
17838 4081 2 17835
17835
17835
17837 27723 7 17844
17844
17844
17844
17844
17844
17844
17836 20895 3 17835 27202 4 17834 1384 1 17833
17833
17833 27296 7 17838
17832 767 3 17838
17838
17838
17838
17838
17831 32724 1 17834
17834
17834

8
2256 2255 2254 2253 2252 2251 2250 2249 
2256 28063 5 2259
2259
2259
2259
2259
2259
2255 31340 3 2252
2254 28055 6 2259
2259
2259
2259
2259
2253 8303 4 2253
2252 24441 1 2252
2252
2252
2251 26404 7 2259
2259
2259
2259
2250 26555 5 2256
2256
2256
2249 8384 5 2259
2259
2259
2259
2259
2259

3
29593 29592 29591 
29593 11966 0 29591
29592 16287 0 29591 10363 1 
3
16596 16595 16594 
16596 11088 0 16595
16595
16595 32401 2 16596
16594 31724 0 16594

9
12610 12609 12608 12607 12606 12605 12604 12603 12602 
12610 7737 7 12609
12609 22274 3 12608 20069 2 12610
12610
12610
12610
12610
12610
12610
12607 13889 0 12605
12605
12605
12605
12606 4345 2 12604
12605 17727 6 12604 30490 7 12610
12610
12603 25414 8 12617
12617
12617
12617
12617
12617
12617
12617
12602 28236 8 12611
12611

1
28969 
28969 29110 0 
8
26903 26902 26901 26900 26899 26898 26897 26896 
26903 8780 3 26905
26905
26905
26905
26905
26905
26905
26902 23949 6 26908
26908
26908
26908
26908
26908
26908
26901 20285 4 26906
26906
26906
26906
26906
26906
26906
26900 27409 7 26907
26907
26907
26907
26907
26899 9363 2 26904
26904
26904
26904
26904
26904
26904
26898 4239 6 26908
26908
26908
26908
26908
26908
26908
26897 3074 2 26901
26901
26901
26901
26896 19531 1 26902
26902
26902
26902
26902
26902

5
4498 4497 4496 4495 4494 
4498 15184 3 4499
4499
4499
4497 1109 3 4497
4496 13401 1 4495 2890 4 4494 23438 3 
9
24465 24464 24463 24462 24461 24460 24459 24458 24457 
24465 18576 2 24461
24461
24461
24464 11999 0 24463 7507 2 24466
24466
24466
24466
24466
24466
24466
24466
24462 27268 7 24468
24468
24468
24468
24468
24461 10586 5 24464
24464
24464
24460 9868 5 24469
24469
24469
24469
24469
24469
24469
24469
24459 2778 1 24458 8564 0 24458
24458
24457 2380 4 24464
24464
24464
24464

2
4523 4522 
4523 4378 0 4522 26040 1 4523

9
12386 12385 12384 12383 12382 12381 12380 12379 12378 
12386 16616 5 12387
12387
12387
12387
12387
12385 9752 8 12388
12388
12388
12384 30842 1 12382
12382
12382
12382
12383 10438 7 12388
12388
12388
12388
12382 10973 8 12389
12389
12389
12389
12381 17081 2 12384
12384
12384
12384
12384
12380 8144 5 12389
12389
12389
12389
12389
12389
12389
12379 31618 0 12384
12384
12384
12384
12384
12384
12384
12378 2101 5 12390
12390
12390
12390
12390
12390
12390
12390

6
25051 25050 25049 25048 25047 25046 
25051 26438 0 25049
25049
25049
25049
25050 17611 4 25053
25053
25053
25053
25049 24863 2 25048
25048 3171 5 25054
25054
25054
25054
25047 8490 3 25049
25046 7481 3 
2
3189 3188 
3189 32061 1 3188 19943 0 3188

5
28808 28807 28806 28805 28804 
28808 11910 2 28808
28808
28808
28807 27619 3 28809
28809
28809
28806 14162 1 28808
28808
28808
28808
28805 13468 3 28809
28809
28809
28804 25343 0 28806
28806
28806

8
17354 17353 17352 17351 17350 17349 17348 17347 
17354 1610 6 17355
17355
17355
17353 26550 2 17350
17350
17352 25643 7 17360
17360
17360
17360
17360
17360
17360
17351 16442 6 17350 27862 4 17354
17354
17354
17354
17349 31198 5 17348 28175 7 17359
17359
17359
17359
17359
17359
17347 9353 7 
9
21886 21885 21884 21883 21882 21881 21880 21879 21878 
21886 12770 0 21881
21881
21881
21881
21885 17499 3 21886
21886
21886
21886
21886
21886
21884 8552 4 21882
21883 17502 2 21882 19086 6 21885
21885
21881 24220 2 21887
21887
21887
21887
21887
21887
21887
21887
21880 3185 8 21891
21891
21891
21891
21891
21891
21879 2655 7 21890
21890
21890
21890
21890
21890
21878 31945 8 21889
21889
21889
21889

9
1794 1793 1792 1791 1790 1789 1788 1787 1786 
1794 30629 7 1795
1795
1795
1793 15463 6 1799
1799
1799
1799
1799
1799
1799
1799
1792 10666 4 1796
1796
1796
1796
1796
1796
1796
1791 1891 5 1791
1790 9346 8 1800
1800
1800
1800
1800
1800
1800
1789 18056 3 1796
1796
1796
1796
1796
1796
1796
1796
1788 235 0 1786
1787 24543 7 1796
1796
1796
1796
1786 79 2 1791
1791
1791
1791

6
10714 10713 10712 10711 10710 10709 
10714 18661 3 10712
10713 21524 2 10715
10715
10715
10715
10715
10712 32155 2 10714
10714
10714
10714
10711 24899 4 10717
10717
10717
10717
10717
10710 22882 5 10716
10716
10716
10709 26860 3 
8
20903 20902 20901 20900 20899 20898 20897 20896 
20903 23438 0 20901
20901
20901
20901
20901
20901
20902 29800 5 20901
20901 30758 7 20909
20909
20909
20909
20909
20909
20909
20900 8875 1 20899
20899
20899
20899 16112 3 20900
20900
20898 12910 6 20897 15079 1 20896 31021 7 20903

5
8932 8931 8930 8929 8928 
8932 18629 4 8935
8935
8935
8935
8931 27460 4 8935
8935
8935
8935
8930 17547 4 8933
8933
8929 4601 0 8928
8928 11561 0 
1
7252 
7252 7929 0 
7
4089 4088 4087 4086 4085 4084 4083 
4089 4855 6 4094
4094
4094
4094
4094
4094
4088 20236 5 4087 20548 5 4092
4092
4092
4092
4092
4086 19402 2 4088
4088
4088
4088
4085 3147 6 4090
4090
4084 26896 4 4089
4089
4089
4083 15470 1 4089
4089
4089
4089
4089
4089

8
16085 16084 16083 16082 16081 16080 16079 16078 
16085 12687 1 16080
16080
16084 31058 7 16086
16086
16083 26961 6 16088
16088
16088
16088
16088
16082 16865 2 16081 450 5 16088
16088
16088
16088
16088
16088
16080 28666 2 16079 1147 6 16086
16086
16086
16078 8707 3 16085
16085
16085
16085
16085

6
18025 18024 18023 18022 18021 18020 
18025 15362 0 18021
18021
18024 5373 3 18026
18026
18026
18026
18023 4110 5 18028
18028
18028
18028
18022 9445 5 18026
18026
18021 4412 4 18028
18028
18028
18028
18028
18020 15045 1 18025
18025
18025
18025
18025

7
891 890 889 888 887 886 885 
891 23330 3 893
893
893
893
893
893
890 15531 2 892
892
892
892
892
892
889 28899 3 888
888 16363 0 889
889
889
889
889
887 16614 0 885
886 14181 0 886
886
885 8549 6 894
894
894
894

3
29830 29829 29828 
29830 26613 1 29829
29829 13461 2 29831
29831
29828 8475 2 29830

8
7004 7003 7002 7001 7000 6999 6998 6997 
7004 17137 2 6999
7003 30229 0 7001
7001
7001
7001
7001
7002 21892 7 7004
7001 14977 3 7006
7006
7006
7006
7006
7006
7006
7000 10641 6 7003
6999 29400 1 7002
7002
7002
7002
7002
6998 31101 1 6999
6999
6997 19124 7 
1
7965 
7965 5061 0 
3
14490 14489 14488 
14490 22231 1 14489 3738 0 14488
14488 9269 2 14490

6
4423 4422 4421 4420 4419 4418 
4423 22412 0 4420
4420
4420
4422 6696 4 4422
4421 20924 3 4425
4425
4425
4425
4425
4420 12077 0 4418
4419 13689 5 4425
4425
4425
4418 16098 1 4421
4421
4421

1
28937 
28937 6420 0 
7
3011 3010 3009 3008 3007 3006 3005 
3011 30643 2 3011
3011
3011
3011
3011
3010 23335 3 3012
3012
3012
3012
3012
3009 25107 3 3008 1510 1 3007
3007
3007 7616 6 3015
3015
3015
3015
3015
3006 8947 4 3013
3013
3013
3013
3013
3005 4602 5 3015
3015
3015
3015
3015
3015

9
4416 4415 4414 4413 4412 4411 4410 4409 4408 
4416 7114 6 4416
4416
4416
4415 12413 2 4414
4414
4414
4414
4414
4414 3202 7 4422
4422
4422
4422
4422
4422
4422
4422
4413 8748 1 4416
4416
4416
4416
4416
4416
4416
4416
4412 24374 0 4414
4414
4414
4414
4414
4414
4414
4411 3854 4 4415
4415
4415
4415
4410 7407 6 4416
4416
4416
4409 5476 4 4418
4418
4418
4418
4418
4418
4418
4408 8379 4 4417
4417
4417
4417
4417
4417

4
9304 9303 9302 9301 
9304 7395 1 9302
9303 27901 2 9305
9305
9305
9302 128 0 9301 13280 1 9303
9303

0


9
24952 24951 24950 24949 24948 24947 24946 24945 24944 
24952 15590 1 24951 11430 4 24951
24951
24951
24951
24950 6404 1 24952
24952
24952
24952
24952
24952
24952
24952
24949 151 3 24951
24951
24951
24951
24951
24948 11089 2 24946
24947 27671 2 24946
24946 8813 8 24956
24956
24956
24956
24956
24945 11660 5 24951
24951
24951
24944 10539 4 24955
24955
24955
24955
24955
24955
24955
24955

4
29305 29304 29303 29302 
29305 26550 2 29304 9762 0 29302
29303 16172 0 29302 7642 0 29302

3
21601 21600 21599 
21601 782 2 21600 7218 1 21599 8454 2 
2
21689 21688 
21689 10453 0 21688
21688 10382 1 
6
18084 18083 18082 18081 18080 18079 
18084 22876 3 18083 2020 3 18083
18083
18082 24520 5 18087
18087
18087
18087
18081 16615 5 18087
18087
18087
18087
18080 21872 1 18084
18084
18084
18084
18084
18079 10469 0 18081
18081
18081

5
4347 4346 4345 4344 4343 
4347 9188 4 4350
4350
4350
4350
4346 28024 0 4345
4345
4345
4345 21725 2 4347
4347
4347
4344 25830 4 4348
4348
4343 11346 0 4345
4345
4345

1
21483 
21483 2214 0 
6
32695 32694 32693 32692 32691 32690 
32695 7941 5 32695
32694 26778 4 32693 1672 5 32697
32697
32697
32692 2618 3 32694
32694
32691 19797 1 32690 26699 0 32691
32691

8
28854 28853 28852 28851 28850 28849 28848 28847 
28854 3944 2 28853 20770 4 28854
28854
28854
28854
28852 23079 2 28849
28851 2056 5 28850 13753 7 28860
28860
28860
28860
28860
28860
28860
28849 28010 0 28848
28848
28848 13652 2 28851
28851
28851
28847 31243 0 28852
28852
28852
28852
28852
28852

4
18128 18127 18126 18125 
18128 10226 0 18126
18126
18127 16556 3 18130
18130
18130
18126 12255 3 18128
18125 7132 1 
3
7057 7056 7055 
7057 21672 0 7055
7056 31488 0 7055
7055 28943 0 7056
7056

6
32277 32276 32275 32274 32273 32272 
32277 30502 0 32275
32275
32275
32275
32276 12254 1 32274
32274
32275 760 4 32280
32280
32280
32280
32280
32274 28407 1 32274
32274
32273 8643 5 32277
32272 4014 3 
3
23586 23585 23584 
23586 11492 0 23585 9900 2 23586
23584 30778 2 23586

8
25005 25004 25003 25002 25001 25000 24999 24998 
25005 7284 1 24999
25004 22146 2 25001
25001
25003 10592 3 25002
25002
25002 23360 1 25000
25000
25001 6975 0 24999
24999
25000 16790 3 25003
25003
25003
24999 24820 2 25003
25003
25003
25003
24998 21549 1 25003
25003
25003
25003
25003

5
1885 1884 1883 1882 1881 
1885 29350 2 1884 3678 1 1883
1883
1883 20504 4 1888
1888
1888
1888
1882 441 0 1884
1884
1884
1884
1881 18268 4 1888
1888
1888
1888

1
4858 
4858 21109 0 
9
31257 31256 31255 31254 31253 31252 31251 31250 31249 
31257 24545 3 31256
31256
31256
31256
31256
31256 30746 5 31255
31255
31255 24923 6 31262
31262
31262
31262
31262
31262
31262
31262
31254 3720 6 31253 21923 1 31253
31253
31253
31253
31252 23782 0 31255
31255
31255
31255
31255
31255
31255
31251 13800 1 31250
31250 6933 8 31262
31262
31262
31262
31262
31262
31249 29218 4 
8
11900 11899 11898 11897 11896 11895 11894 11893 
11900 30438 2 11900
11900
11900
11900
11900
11900
11899 14216 7 11898 10774 2 11898
11898
11898
11898
11897 1053 7 11903
11903
11903
11903
11896 5392 0 11899
11899
11899
11899
11899
11899
11899
11895 13509 2 11900
11900
11900
11900
11900
11900
11894 5236 5 11898
11893 16115 2 11896
11896

9
25786 25785 25784 25783 25782 25781 25780 25779 25778 
25786 19555 5 25784
25784
25785 24013 6 25784 29819 3 25783
25783
25783
25783 25881 2 25782
25782
25782
25782 28976 2 25785
25785
25785
25785
25785
25785
25781 3194 0 25781
25781
25781
25781
25780 2813 0 25783
25783
25783
25783
25783
25783
25779 15864 3 25782
25782
25778 13571 7 25789
25789
25789
25789
25789

6
4774 4773 4772 4771 4770 4769 
4774 9640 3 4776
4776
4776
4776
4776
4773 31193 0 4772
4772
4772
4772
4772 777 2 4773
4773
4773
4771 30435 5 4777
4777
4777
4777
4770 13884 3 4769 31919 5 4778
4778
4778
4778
4778

6
12586 12585 12584 12583 12582 12581 
12586 23566 5 12588
12588
12588
12585 12033 0 12584 26215 2 12584
12584
12583 12412 2 12587
12587
12587
12587
12587
12582 13336 0 12584
12584
12584
12584
12581 9962 4 12586
12586

5
9243 9242 9241 9240 9239 
9243 29475 0 9239
9242 12103 1 9240
9241 17802 4 9243
9240 6015 3 9244
9244
9244
9239 11187 3 9243
9243

5
24368 24367 24366 24365 24364 
24368 31466 3 24368
24368
24367 23896 2 24369
24369
24369
24369
24366 9939 2 24368
24368
24368
24365 10588 3 24367
24364 21014 2 24369
24369
24369
24369

9
16457 16456 16455 16454 16453 16452 16451 16450 16449 
16457 14558 5 16454
16456 30281 8 16459
16459
16459
16455 15200 8 16461
16461
16461
16461
16461
16454 27651 5 16457
16457
16457
16457
16453 32186 4 16457
16457
16457
16457
16457
16452 26994 2 16456
16456
16456
16456
16456
16456
16451 10598 0 16449
16450 23404 0 16455
16455
16455
16455
16455
16455
16455
16449 18538 2 16451

5
9444 9443 9442 9441 9440 
9444 32100 3 9443 14527 4 9442 21921 4 9446
9446
9446
9441 29141 4 9446
9446
9446
9440 3682 0 
9
24861 24860 24859 24858 24857 24856 24855 24854 24853 
24861 650 1 24861
24861
24861
24861
24861
24861
24861
24861
24860 21733 5 24865
24865
24865
24865
24865
24865
24865
24865
24859 1089 8 24866
24866
24866
24866
24866
24866
24858 19613 4 24857
24857 574 4 24861
24861
24861
24861
24861
24856 25251 3 24856
24855 18697 3 24860
24860
24860
24860
24860
24854 2213 2 24860
24860
24860
24860
24860
24860
24853 18169 4 24859
24859
24859

6
24263 24262 24261 24260 24259 24258 
24263 26791 2 24263
24263
24263
24263
24262 3432 3 24261 9264 5 24264
24264
24260 736 1 24259 23957 1 24259
24258 29818 2 24263
24263
24263
24263

6
32540 32539 32538 32537 32536 32535 
32540 31188 5 32544
32544
32544
32544
32544
32539 5993 1 32538 9980 3 32537 11040 0 32536
32536
32536 2972 2 32539
32539
32539
32535 12614 2 32540
32540
32540
32540

3
8544 8543 8542 
8544 5861 1 8543 8006 2 8542 4776 0 8543
8543

6
13756 13755 13754 13753 13752 13751 
13756 28522 1 13752
13755 8545 0 13751
13754 8416 5 13760
13760
13760
13760
13760
13753 16732 1 13752
13752 16601 0 13752
13752
13751 32623 1 13752

5
13983 13982 13981 13980 13979 
13983 18132 3 13985
13985
13985
13985
13982 14451 3 13985
13985
13985
13985
13981 780 4 13986
13986
13986
13986
13980 12493 1 13981
13981
13979 13044 0 13980
13980

1
5434 
5434 10756 0 
2
1844 1843 
1844 14832 1 1844
1843 28774 0 1843

6
6515 6514 6513 6512 6511 6510 
6515 10652 5 6518
6518
6518
6518
6514 9490 5 6518
6518
6518
6518
6513 4111 2 6514
6514
6514
6512 11503 1 6512
6512
6511 3129 5 6516
6516
6510 8051 2 6515
6515
6515
6515

5
517 516 515 514 513 
517 9061 2 517
517
517
516 28000 4 515 32697 4 514 27069 2 515
513 16837 3 518
518
518

2
26481 26480 
26481 29409 0 26480 32023 1 
7
16353 16352 16351 16350 16349 16348 16347 
16353 9758 1 16352
16352
16352
16352
16352
16352 5337 4 16351 7385 6 16357
16357
16357
16357
16357
16350 95 4 16356
16356
16356
16356
16356
16356
16349 31250 4 16355
16355
16355
16355
16355
16348 29062 5 16352
16347 12798 1 16351
16351
16351
16351

1
25213 
25213 8611 0 
0


