100
0011101011000010
0010101010111101
0000001100110110
0101010011111011
0001000011001010
0100000111110110
0101100011011001
0100110001101001
0110001010111010
0011111110111001
0011000000011011
0101001101000101
0010110110000110
0011000101111000
0001001110110111
0111000000101100
0010100011100101
0100110101011101
0000100100111100
0101101000111111
0001100000000110
0101000000110000
0000011101100010
0110011000100110
0001001001111110
0111001001111100
0010011010011111
0100010001010101
0101100110000110
0011100011101101
0011111111110110
0111010010001101
0000110101100011
0010001111111101
0110111000010000
0001001010100110
0101011100100101
0000001011001111
0010010010001101
0110000010001101
0101101010010100
0110110101011011
0101000110011100
0011000110001001
0000010001101000
0010100111001100
0011110111001001
0001101011000010
0000100010111000
0000000100100110
0001111000010111
0000110100000011
0010010110110101
0100011100101100
0000110001001111
0011101110111111
0111111010011000
0001100110000001
0101100110010111
0111010101010010
0010001011011001
0001101000001101
0110111101000110
0101000010001010
0001010110100010
0010100010100010
0011000111110111
0101001101100110
0110100110000011
0101111111100000
0001101011011101
0111011100011101
0100010001100111
0101100101010110
0111101101010110
0010110101100010
0101111111000111
0111110011101001
0001111011000010
0100101011100111
0101100100011101
0101111101111010
0011111010010101
0111101100100000
0110011010011100
0111010011000011
0111110010101011
0010000101001001
0100010000011110
0001100010000010
0101011111011100
0100101010101010
0110110001011110
0011001011011010
0100111011010001
0001011000011010
0111001001100111
0111101111110110
0010010100010101
0011010011000010
