10000
1225
29090
18143
11074
27512
21927
32216
23413
24765
21626
5302
20246
1647
26086
19495
3044
13277
2642
20484
18217
24253
24552
2017
17399
4197
4855
21986
26290
15166
11669
14288
8654
1141
2696
32363
8154
22003
28519
3842
20158
19600
4604
25410
12353
22147
3309
15180
5070
5661
1947
13834
7543
23736
5451
17346
15930
20970
3972
9963
387
6910
28599
30528
21491
5796
27686
23316
10080
231
23550
27365
6173
4960
9926
29491
30587
30121
17149
2194
24463
4629
2047
8703
13366
8862
22313
11632
13655
2591
24637
21167
1640
19908
1288
22631
20276
17086
8258
24447
23003
17467
13237
26792
21018
1429
16802
22578
2508
21705
21856
27684
26289
24876
32582
22667
23919
23129
18379
32274
7638
31598
24044
28371
21608
22136
1230
13677
9497
29739
1189
4695
17235
7127
8916
9076
19261
22423
25942
10727
16445
2252
9564
25128
21692
8393
13623
8791
24361
20944
7545
13009
8256
19518
13655
5378
16012
23554
6738
11386
6954
31315
19223
32322
25553
10147
27043
31344
1551
8654
26794
1017
26581
19096
10298
10951
2358
21078
17820
19467
29548
31467
8827
3285
6428
1782
26439
25314
3035
10570
1244
8116
10992
2207
31071
12776
12123
11143
23657
4293
14615
24739
30312
1553
16797
30486
26434
18984
6057
23354
8251
9807
18496
27538
13592
4421
6386
6656
18564
31259
30557
11576
6068
13638
498
13941
26951
16371
3580
3947
25456
19866
20189
29820
3414
21462
667
3886
32699
2164
18332
1245
2268
1481
32686
23981
18329
2377
25675
22467
470
86
12314
31413
14881
22358
440
32574
18581
16136
23481
24375
31486
23576
26090
8642
62
5361
21465
14281
8943
29138
5272
31911
5961
17188
12221
12068
24646
523
29613
30375
4101
7995
22811
18599
26476
13325
16331
16995
6418
18897
26780
19155
13148
11110
20677
4318
30182
29961
21087
14797
5668
22123
11812
21504
14153
15110
25206
25055
6503
19632
29603
4372
17368
1137
2407
29176
11998
15762
1458
17226
12422
32502
30892
9767
12498
28334
5622
20022
26902
9159
3891
548
12963
19046
30664
80
10403
19992
5599
7111
8516
32355
17586
9586
16921
24993
19462
30094
13245
10766
20725
10589
14521
287
17393
26907
11175
7445
28678
18996
10392
21715
3935
8628
26036
9708
2316
23295
32544
24833
15363
9922
14885
28746
31588
5673
910
27762
8193
30291
11601
29608
21277
3
12146
30451
30324
12184
28709
29125
19836
22847
22323
16340
19435
19815
12446
1317
11641
8565
8840
23657
15079
28857
14929
16269
24640
10657
21760
24205
30815
15149
26340
22665
29105
13987
26235
2842
12348
14724
24210
27622
20704
13246
27566
8306
12765
24099
10411
18488
25750
29978
20131
11514
27797
2965
3089
19797
28622
2627
22326
30105
15400
12038
16316
23256
17977
8359
922
27709
1361
27337
27447
20127
20667
30235
12498
13910
8767
20690
30497
4942
25067
23383
4920
17242
7956
11580
11693
16074
23191
18037
32506
29503
18020
24773
11042
16574
7742
30070
152
19716
32188
19277
7772
8473
22420
8381
17767
17704
29208
18011
22857
20110
3329
15762
21521
5169
5228
12184
12653
32019
1314
20640
5394
7463
26140
850
12382
5219
31559
20600
11068
25622
5508
1786
5193
11900
9203
6156
7221
5263
27249
934
8299
9761
351
26932
18676
6184
678
4240
15768
13657
2039
32557
13895
15608
24152
28053
27320
9198
4828
12565
9552
27676
15537
28086
32069
1519
10336
9328
31747
28724
18513
29083
12751
2606
3726
4006
32170
19430
5064
29195
3192
22723
12191
3202
21345
8282
26142
6774
2424
391
20101
31413
25754
9149
22348
29547
7577
31386
2916
29265
32666
10175
15552
7458
1724
11998
14356
17999
20987
12308
26077
6643
27731
7290
31905
5897
12584
6391
10360
10461
20453
856
19403
29888
13028
19874
15708
12288
19854
9126
10118
4631
5571
3799
27847
14115
11388
3161
13691
1686
31150
18778
2794
29231
16242
31141
9093
8489
26724
31860
17517
23474
5448
17286
23605
19102
11764
12402
15081
24413
31082
23611
2895
30762
324
32036
29036
5254
17493
24262
29258
11749
31885
8287
2297
2215
31773
11629
3284
4425
26076
9340
19717
6621
17641
8252
1356
2999
18322
5846
4092
24938
8565
17280
31046
31987
22757
20048
22457
11827
912
9805
3594
32163
13918
16844
23057
3907
11420
14586
21781
12755
27225
28341
18761
28230
24080
15264
150
11124
17800
20342
28827
14863
23033
15518
26611
23768
1904
25088
8374
8466
13172
10008
23618
6967
22250
15944
27707
23531
28470
24947
19664
12590
2723
15559
13376
2005
29701
31706
15261
315
16797
11513
1233
4404
19260
28349
478
14402
19371
7134
16746
11788
12619
26956
25722
4107
25081
10876
8574
26759
30260
12288
30862
8642
12162
29787
31987
14707
11791
2835
22505
18549
10648
1544
26787
12993
12679
17667
9616
5018
14432
25490
8925
14855
28251
14612
25147
18822
12115
7952
20450
21247
2014
29131
4309
31223
5566
32537
1640
31238
18296
22387
11008
8331
16194
13642
11291
3742
23842
28315
26000
22342
13397
9412
8727
19948
28654
9878
17675
6416
27327
14507
16751
23867
32380
14329
560
5173
19998
19112
10153
25719
3974
4897
15980
3299
6243
6504
21312
14515
12885
24235
2150
20400
31315
20251
4129
5796
20298
1530
12405
13329
5126
6133
13358
27939
18518
22453
27940
12004
15723
18609
11198
14255
27010
13382
20405
29927
7875
5385
22042
26856
10600
19548
2203
11582
6433
22079
12802
25878
14775
28521
31742
13297
32496
24984
23078
3232
26548
27173
9787
27756
7277
28379
20909
22165
19636
29961
20577
9214
4137
3798
8370
31526
20130
13013
5302
1114
29577
12761
16578
11817
28799
16139
13104
5657
21317
15929
22879
27032
29405
19569
13820
21301
30700
14031
19584
18448
17507
21395
26106
18831
32350
29046
4879
28499
16973
20799
3903
19819
16465
23953
26986
2759
18665
5383
5522
15343
3277
23171
19426
22005
5146
8130
22767
19879
12464
7732
17215
14090
28632
4619
27144
30980
20267
11154
313
26969
14511
10945
3774
25817
2626
22798
19712
14295
11324
21893
5804
27356
31568
26395
16310
18333
2483
18752
32669
10795
31616
9907
20720
29290
604
13978
27153
10692
15446
12242
13113
12574
31248
1668
23996
2827
12324
10233
143
5696
6081
10415
24071
19529
17045
6316
14051
22650
9712
29202
20109
6951
24870
22004
1181
27928
17205
2920
10143
14135
21415
29917
25878
12940
25274
28591
31425
25707
25791
20985
3356
10988
7360
31403
18218
28060
23141
10204
10098
18034
20248
1889
7751
14085
15976
13726
24909
15867
3499
7836
6201
24773
30440
30044
18136
32138
25332
13675
6227
31072
11994
25271
28593
7874
24704
31649
24989
16447
3720
20819
31594
29551
32629
14932
31572
30763
17423
21337
24073
8189
20744
16991
25960
18902
23519
12278
31880
17919
32517
27360
7420
13906
26943
27098
6485
16042
7243
8122
28905
6552
32454
21946
4307
25944
17741
20
9787
15619
30435
16591
26072
29189
4242
3288
27826
31186
3157
10068
7725
25557
20278
26421
9027
27561
17076
31499
28433
31628
7527
7965
27797
13073
7911
31161
14774
17941
17129
4552
4996
18419
12203
5029
22466
14076
25491
22576
16290
23585
26131
25118
14287
21235
32719
17811
31152
19918
15874
11762
18924
27216
17693
30196
41
10768
14002
1527
15386
25485
11921
27801
27576
16229
6961
25990
1743
5576
30033
17038
9149
16427
6878
27387
18806
13121
20760
25889
8908
29991
12785
7734
30446
17375
2229
25700
2862
32767
25072
18205
20999
12202
21133
20911
2910
11712
14907
21528
14856
22866
1301
11803
4749
22873
12417
20627
18219
18599
5976
26888
21790
24093
18760
27520
14111
25887
29047
28311
8491
6725
4201
3538
10629
16467
3364
17969
766
364
24978
259
11380
28802
26150
16638
14745
16145
194
9615
6389
31501
15065
14447
31535
26905
721
14711
16264
20217
7339
23733
2472
16970
1509
11967
25757
20336
20639
4935
5921
3281
14846
4592
3355
28225
32718
25952
31337
27836
14699
151
6877
22107
14305
32383
13189
23169
12626
12228
14640
9813
15256
15077
16429
9590
23084
652
6486
15082
9030
17947
16462
1623
16454
12423
32518
2421
19795
18793
27270
16835
23618
31826
7402
2681
7865
10847
20650
23230
31636
31246
16671
13340
4999
22864
29763
21809
30981
26080
20921
1191
8033
12242
11021
2150
17716
2671
6460
7431
24062
24384
21367
396
16144
14185
25380
27471
5033
28473
22822
30265
23647
18430
26718
25908
32192
19486
2417
18147
8762
14691
3020
21136
29496
26007
14310
4454
28046
20817
26309
10208
21783
23822
12996
21377
2972
21635
9619
28870
20216
17458
1919
7513
8826
19772
13300
19079
26507
27510
5952
21492
27025
25022
14745
28301
24851
16528
31586
959
12829
15060
26282
19686
27110
15610
14838
17161
16304
31305
4160
14020
7408
25716
19007
9349
28847
16751
7401
6396
21040
21376
26935
14796
14035
18329
16680
18055
16185
24037
15880
9689
24489
161
3058
21251
26546
15661
20116
16267
11538
21347
17202
32050
24023
20263
17389
17447
15812
24639
4166
10618
21238
25702
32478
6611
17864
22427
31871
27748
30707
7871
31840
8732
5882
24671
15781
9502
11717
24527
2598
7281
31115
3704
21105
10233
1526
18290
19218
6310
21634
26966
28434
30955
4903
16973
3005
31090
9783
621
14760
5646
2441
10310
26355
1777
19671
7095
22220
21023
12133
27399
14900
4386
7907
24112
17926
16127
7573
21630
27189
8810
21425
8281
3669
10294
20489
21855
30557
16911
15337
15543
15019
7531
1603
25505
25160
18110
18953
30801
9838
3309
29659
26877
24647
14598
27362
31029
6648
28206
16636
16755
24542
17883
11801
19699
14103
31811
23269
18884
23877
16660
16039
32544
13710
101
5224
32249
1768
14316
11097
16340
28563
11378
5743
10202
12774
4997
32592
6700
15951
1389
8306
7544
7830
19297
10881
15050
9825
24058
6402
4004
3325
10215
14903
18000
21595
24803
28226
26741
8537
5348
24972
16361
26947
11157
18024
14790
6298
1031
20980
32704
5908
30883
64
15285
19683
24420
25523
14726
3386
23107
938
23334
2574
3058
3681
4848
13594
1228
25111
22590
12837
31757
12653
18999
16007
10558
18192
29928
12778
20980
11415
27799
31822
24506
14511
13139
17744
4684
18549
7376
4267
8710
10275
9330
3071
26267
28399
27048
27089
22026
21040
18043
28115
28622
13251
13415
3686
26709
28589
29545
20318
10420
11521
10073
14853
30361
13829
24442
5730
22657
7056
15440
18875
2603
10166
10161
32344
5452
25511
21279
30858
25220
13525
28757
15596
22161
21845
22560
27625
20419
11144
4976
30334
6063
17658
31407
4161
7464
30858
24401
675
2667
29644
29613
17778
2970
14251
25867
162
22892
18515
23550
23372
23586
5198
22260
15351
31421
22252
4875
24087
27246
31209
30502
24787
4686
14922
13633
13067
22351
5256
5633
154
25714
15344
8847
1240
17211
8522
8359
26211
22627
19641
5356
32
6348
3810
16255
15228
2746
19792
18127
24568
26431
28183
1203
31716
28663
9912
10678
19050
19702
12869
10929
15055
1791
12998
11424
31990
29174
16858
25262
14118
7064
29858
4754
18700
4714
22234
13086
16388
6383
8521
22805
24724
6430
12124
26174
26937
27667
30734
11958
29287
18949
3594
2186
4043
30328
27412
31109
5843
31924
2725
30535
11888
4213
6101
28055
3099
26340
12926
32507
534
7110
3999
13189
17140
30452
30974
2543
32347
9739
28690
7915
15113
15972
30751
24244
4629
6983
19363
29929
12151
27739
241
28315
15307
2145
25116
17061
4946
22562
31766
13371
28218
28070
10521
17350
24095
7079
6726
8687
17617
8517
9357
22778
10328
15868
21708
8278
2101
16850
3899
3698
6123
28117
15879
7378
702
14532
21309
12897
7355
19469
8682
10249
9464
19703
21121
31617
32029
17953
30332
9318
31267
17707
32582
16270
12892
179
7257
1177
27828
6787
17571
14792
5430
21000
28463
6675
23250
15111
16129
24949
23133
19595
9794
29579
31449
23586
17565
20573
24311
22856
1256
19324
4058
23844
15879
14669
17694
25202
23309
1700
28185
14785
20133
28308
24672
3550
21937
17030
20365
3216
19760
30857
29248
1925
8037
29673
30820
8589
3126
15363
14004
23558
20690
5463
11133
6295
29334
12511
16549
25378
12594
26016
28396
6131
25607
10366
9842
14910
18132
13908
8314
3784
31122
9284
32365
20196
14236
19020
23074
1953
2579
15386
11100
31042
31105
17442
9876
2798
700
5357
30969
9897
21262
9396
1462
4483
3986
26413
2163
5135
11233
22949
16670
1815
5102
5455
3307
6286
11567
23516
4249
23750
29438
21067
22520
32740
12862
24067
3752
11152
10305
22559
13859
29937
2281
2825
31997
26328
12302
11850
7019
31803
544
21664
22787
7910
16398
81
8130
32365
21094
20928
16467
21349
20413
1086
19342
25299
16977
11554
9536
21989
28909
28956
13354
14816
12045
9158
21324
15450
30787
1404
26723
30633
23257
4974
17328
25499
30136
7667
11515
15976
3464
6433
16856
484
32025
23450
2345
14585
1282
16296
24548
18773
16008
23181
8982
1376
13761
15892
15144
6769
28409
30828
27745
12097
23380
17974
4269
18080
181
10973
7837
14950
22751
25382
8622
25261
11226
26120
1998
15677
27033
26557
26652
10568
18137
4889
9968
2904
8524
27931
6939
28037
28407
5826
6256
28651
15576
24865
899
7515
205
26550
21168
30801
17073
9464
8287
21542
24776
13615
12935
20103
29533
15240
7025
32038
5033
7529
22463
9135
2551
2050
3500
1534
9990
29733
20885
10895
19631
7255
5049
8502
27079
6439
6973
8720
27975
6078
12915
6329
29866
24248
26715
28607
14743
5426
2922
12375
704
36
16779
19023
7178
10738
24932
6212
6638
10301
28890
29717
27679
29695
27863
28567
877
2007
15946
1419
3817
14497
112
22221
5194
31818
31827
18382
26511
4834
32144
4675
17894
17907
25692
7967
6093
12818
6345
15551
7799
20147
17222
1381
4209
10306
28261
2536
27013
111
30178
5290
29151
18633
26336
6345
16494
11150
13685
8602
15501
5825
27497
22099
25315
32126
13371
26119
20871
17291
27237
28632
24424
1839
2529
15208
17133
15687
11244
21904
3032
21398
28682
25941
29808
19805
30282
19735
19935
3627
20171
27660
3033
18167
639
5101
13182
14700
6447
1775
12674
17796
16576
4597
23435
30040
31156
5892
8410
31543
27892
7159
11822
22005
20172
12660
2277
3973
29495
17950
25957
18890
30557
14860
15546
3499
9306
18043
25984
4198
28481
3519
13316
25382
14944
26496
26022
16599
15302
15650
23426
28217
11523
2693
26703
24627
10287
22255
13702
7275
22062
14918
967
2067
21041
17027
19066
6406
26240
19811
31410
7443
1656
10847
26966
2968
10703
6367
9346
5459
27936
30379
14379
26230
7075
12962
9730
20217
1595
22446
5275
17716
19383
17399
31183
30381
30289
24663
17503
23343
4731
27663
18649
32284
8924
12472
30144
29187
5525
12924
4839
8821
7880
12421
4126
30741
7259
2486
10000
751
26361
22937
21612
7947
13402
24985
27715
18241
28357
4722
19890
2638
9683
18917
31168
22056
31861
6320
4489
3471
14392
9405
32669
7141
21960
31642
20643
31551
18099
26921
32578
24764
15472
9881
14145
790
9376
30100
21484
12150
14995
31674
7610
8333
21006
29263
2862
19424
16204
32304
2299
6499
66
17420
3435
14666
2856
3280
31489
3100
26164
3683
5726
20745
27817
11412
4961
3709
25872
18001
32146
26869
19653
25369
32705
23570
31926
21683
20202
2539
2920
8481
15452
5288
4155
18640
13082
13901
11246
15633
9346
2771
31333
6861
10284
16509
20906
32115
21269
8809
29235
32310
2557
12646
3171
13174
21261
16133
16210
17531
27325
16115
29905
25961
8181
17029
16041
20336
15218
21141
6436
2372
30316
7053
14031
5069
17526
8129
14717
20255
29861
25602
31887
11180
28148
19055
21619
31672
2791
3983
26475
30990
22639
7581
912
21234
15374
10787
5654
22614
17723
20939
10193
4689
11784
9841
760
25292
20226
25468
26154
31615
2649
15471
26798
16668
29249
31163
29695
28361
11927
22488
30344
3540
26056
23699
13228
5538
11503
5802
21769
18409
17213
31638
8446
7455
7326
22440
31338
21811
32665
1111
3511
122
14968
22745
20248
5356
13226
2288
11790
25488
22885
26119
8753
565
13456
13949
29997
32099
8927
5953
28171
26257
31808
7071
16818
4760
10102
8025
27821
7272
25091
32506
23086
32762
16204
10855
31827
24966
8952
17847
14761
21749
15001
19524
21487
14745
14990
27138
11292
32284
25128
32528
1955
24758
2827
397
15093
32675
18391
12717
23879
19925
22024
21516
27030
16358
26395
26178
28905
17744
1267
439
16855
25056
5498
24761
10568
31592
16779
14795
12416
12213
17168
25920
31833
18112
24167
265
12751
5416
2827
1740
962
25312
3952
2102
19960
10789
5166
1425
24930
17076
29282
4761
26016
19769
16721
15755
29638
29450
26447
27776
20065
19989
12768
9465
23221
3352
14620
29115
16201
10256
4696
23261
19366
14579
5634
9247
3419
19617
15565
17789
13892
16408
22542
20996
14348
32232
10598
16613
14577
12264
7586
19656
17863
14630
11999
23906
25920
3108
12786
12106
28778
12609
4871
11784
21625
4469
17799
13423
8647
22849
27456
10030
3097
2022
30400
7585
16420
32470
19713
3309
12880
9576
10828
10571
19131
29903
20055
29092
4737
77
13233
6495
17979
19876
22111
17527
29125
4558
19912
18896
31045
9709
15822
28619
13160
18565
25406
22296
30959
32489
16234
1995
19819
10995
10004
21682
1348
10488
14478
2278
3328
2555
32032
5025
13762
15905
14762
9807
11025
17253
12938
30952
30171
11405
26304
10364
12474
5213
1616
25616
20853
20746
10216
23464
11210
31730
451
9637
4459
8585
10701
3665
13126
11671
8456
1465
10249
26529
11822
8123
15334
5028
19352
23135
28052
2826
11358
7787
15510
25046
7360
11825
11455
27682
16837
30380
8950
14283
31777
30411
32567
20075
29276
12557
6106
21383
1585
23374
31256
21258
14645
16609
5067
21490
17593
2782
10869
842
26864
25277
17284
2904
14165
8996
25044
27415
23623
2814
15478
25064
11254
9933
21168
17284
30339
25665
324
18485
26467
1033
31989
11590
29701
24041
22088
14775
7604
11021
27272
31542
2750
19101
26124
20299
15062
13457
15293
3283
23223
3783
13778
25007
31498
6226
990
14525
11914
24342
27149
15367
21350
29586
30122
18235
3046
3836
23269
24156
10834
24467
24532
31926
5136
28465
30903
20503
24588
22559
31104
13372
13405
15406
147
650
10021
12803
32458
2559
9912
7347
188
17255
11521
8592
7487
5587
16930
12354
11563
16199
4699
20761
12385
13747
6957
11681
1036
5156
13247
1911
20007
26684
29824
4444
16960
29664
16910
24200
9083
14128
32599
23616
10201
22204
11006
2475
8378
12788
27648
25058
3233
15841
20887
11334
30264
30739
19038
10006
17556
1499
5814
16449
24761
21434
14953
20600
21601
18712
12686
3208
17913
25657
27821
8423
30189
21102
22563
11148
8485
22664
29383
2052
27856
8082
14285
8643
16224
14784
24555
16568
10965
29602
15803
1060
19519
17821
14689
32683
17534
31132
12141
11948
11853
22787
14083
12750
13695
30437
4921
2779
13191
27254
21440
19154
30014
3523
26823
26167
3553
5280
11804
9134
23385
4066
12692
22728
8128
12495
14510
26909
21536
24787
18803
15259
6270
373
15008
6685
25879
26760
3847
12095
24809
27814
8243
5745
373
5594
23627
12875
22468
18077
6968
15649
11944
28932
20234
18390
24132
11319
5016
6901
30926
15909
24935
11773
13460
28022
26574
10493
14141
12225
21079
9313
9810
2048
32103
6924
8445
10561
24098
17063
1808
12702
8585
15928
12616
4462
18149
24310
32468
29373
14697
26460
23569
13562
11539
1148
9880
20720
17107
29078
4730
14584
14319
31209
29898
2412
9382
19657
5980
7518
3604
22514
31181
23434
20309
7196
9155
20362
7661
12239
27766
25417
11623
25721
23408
19642
13885
16830
1681
970
25592
19215
4437
21651
28312
17278
12634
25042
25398
25552
23580
11163
24552
14036
515
28235
18149
4084
31393
28095
11498
20490
1588
195
1756
27765
2163
28877
23214
27755
24711
492
30597
20624
599
14075
31002
6344
13576
9754
6752
23626
6852
29023
7016
10231
26043
14280
16001
5865
24168
4724
8355
22862
7958
29203
28942
7543
10402
28828
19502
3884
13442
27454
15810
24899
26630
30872
11837
5489
19678
3884
16236
30303
13021
28689
23642
30720
24317
10729
113
29219
11170
18451
31201
26948
32291
546
11078
22952
13702
32653
4229
14505
30347
935
2806
8270
30957
5586
14537
22814
14820
31216
23458
13878
14318
3355
4743
30618
7119
23190
27388
9929
29398
32003
3436
8596
24163
8150
2251
18223
23718
13577
378
31625
3753
13074
18283
29913
8081
28434
6021
1913
12577
26447
3146
25592
29055
4580
439
31595
15931
951
28779
32259
30861
940
1036
10213
28382
24088
28903
20533
32650
3193
19670
28276
22757
1380
28519
2573
31356
18622
7482
18474
23453
31791
683
3020
23321
11220
16817
23579
23624
820
5894
1275
13646
4726
23177
9695
21149
29649
24288
8930
13243
25923
29793
11284
9542
10886
4915
20241
23605
19264
28848
18137
22112
378
1038
32219
9283
27731
15935
30291
32766
23285
30997
3286
21921
17353
25002
18731
8359
15335
25087
12637
17088
721
19939
21262
14292
30304
22295
30478
19268
766
3247
13101
12915
25622
27067
20045
12421
18633
14119
10939
10086
12515
17632
10943
14862
5645
15928
17265
25604
13636
7564
12751
10785
3209
804
1549
18583
24794
29530
31020
562
24674
16383
16590
29917
13549
8442
21833
5991
6814
16434
24058
17543
20196
15535
14300
30494
27562
26876
19032
7101
718
18639
7775
7015
3541
4587
27575
920
1501
13382
4242
28549
14290
11623
10085
5798
10469
11027
12023
9330
7994
16680
30905
15722
8929
14025
20821
21848
2824
11963
6025
15065
27503
12047
13622
31769
30236
19458
11956
2270
9551
31265
15465
13768
16824
19377
8858
1239
6376
7501
15232
22317
30726
30161
26527
27669
16067
7543
22611
20805
7823
12352
26796
10336
23054
12182
30843
26047
6341
22319
32173
27761
8986
14644
16344
11136
6779
26019
29204
8310
477
8434
7948
25376
10856
28149
6997
7826
22640
28417
29182
7019
13480
25170
32616
16219
23954
15786
11863
9698
11578
11579
2890
13914
1828
31175
8712
23351
17027
6662
22908
16014
1195
29512
16834
12244
8137
3419
2178
5865
18898
15791
1917
6228
16313
3512
8549
20177
10469
24724
24818
15881
20194
7150
3634
25248
32087
22562
11809
884
7736
23457
8313
10276
26172
26008
20427
22736
9618
3020
10191
2848
4304
12232
17913
24712
5676
20283
6220
6602
4846
13212
24179
25532
32037
17679
16654
24907
21913
1164
29514
5824
30210
28990
4788
6722
3959
23849
14671
11676
27945
29968
30179
9537
20305
32662
7833
16525
29287
6051
12741
22350
5781
26121
14595
131
7019
7784
25221
5732
980
17231
17579
15266
30281
30115
32724
17903
3396
21317
12917
12737
3064
10479
29544
851
19263
31583
18054
14573
29396
11192
16247
12902
21186
15141
18121
12775
28956
29119
13632
23025
8175
27825
14701
19618
12149
22425
15234
20532
4235
21810
13157
7366
31589
23345
9475
14175
28289
1388
14055
32304
6617
9281
5899
18969
2653
2614
8686
18799
10656
23773
32742
30717
26066
27899
11448
22600
5614
23016
7526
21016
28212
1081
30792
23091
6362
5021
4958
18284
18175
5125
11493
30940
19936
28168
4648
12656
9294
16005
10393
19620
21600
20874
3360
12429
13669
17524
15795
8477
540
4952
295
22691
7976
5538
326
2449
9662
11772
19233
11650
1697
12658
10664
17787
22864
18899
3703
28529
11133
22362
31987
29964
25794
5517
11158
14251
4752
1894
20359
7592
12392
28337
18030
25821
16461
21173
4742
32359
18297
23062
23796
22441
847
31738
29271
13460
27281
19563
28064
32550
20179
26621
1316
12337
12847
17072
11759
13662
9531
24087
2395
30833
16696
10938
20706
27599
4748
6330
13361
16445
1907
7091
23933
10218
14065
9702
4122
19120
5131
24216
5450
20375
24886
6069
27475
8091
30736
18105
27348
17839
14670
1232
22104
4097
14581
23100
2092
22144
31438
22776
12910
2716
21267
19099
25959
29772
16239
30078
20507
16470
19494
15649
28445
17355
22927
8651
7592
6352
21963
25457
15596
30884
16049
19417
26022
30431
8
25600
22515
504
505
6328
7526
19722
31683
4757
4440
1752
24241
17674
17279
526
27978
30928
26819
13002
21191
21895
20044
9562
20170
11936
736
21064
18764
6010
10860
29587
25303
715
12256
16192
21750
28994
18752
11025
14059
29547
504
7573
31391
722
16241
12385
13791
30315
29665
26524
3012
5681
29543
705
19059
4622
8023
19104
4359
24571
23507
166
4556
17768
923
21343
17582
4062
20005
31801
7665
16611
23537
27275
7458
12574
23831
8149
18509
28347
1570
8522
26480
23313
18208
8843
5168
19330
30970
19894
29131
12707
29954
19615
8526
3741
19147
30557
17928
13780
2109
19465
11838
8902
18408
5058
29728
26165
31129
22772
11004
28296
6443
4826
27826
12143
18336
10818
23400
27846
31345
15249
27518
11452
13601
14854
2500
5428
280
22595
29163
14443
6063
23049
18746
5339
29320
13123
20866
19552
13856
6214
18516
22170
10919
25431
18033
12946
14095
29549
13186
23456
4707
26681
8714
1420
8026
24420
10136
25587
9772
5912
1345
236
24740
6593
13389
26348
3190
22293
11057
8679
30676
20050
28350
23480
15420
11718
17303
6083
7060
2965
5096
20953
13176
7095
23893
1116
31443
1856
15153
22947
15788
18660
24817
3231
2883
12986
6368
15551
19037
320
6932
14610
26588
8096
20640
1708
21394
305
22283
9802
16215
13377
22529
23865
21593
4626
2377
1395
21172
12322
26871
10508
20291
30383
2531
27852
949
123
1113
3614
25827
10189
24338
30760
29536
25784
1123
13372
31314
24735
6069
14703
12417
25337
16181
24455
28590
31570
13773
31003
30246
3218
14674
22773
26263
7554
10495
18107
31265
4748
26658
9935
6320
13507
22805
22899
19338
10787
1136
5425
15908
17177
16509
16506
16698
16710
27884
3725
1054
31616
5832
25498
30801
793
6314
17447
4944
11876
2861
21428
25264
11382
6561
9882
9837
1578
3844
27449
25984
12392
12078
11858
12463
5030
12363
16050
1961
11438
26766
29713
5202
10914
1060
23865
12380
11838
22375
6507
26903
3678
8533
24830
30090
17856
21056
329
21186
28170
10950
20419
31338
27663
18180
22633
26524
12622
27143
19296
24055
14011
7555
28124
9970
5315
31176
4672
14703
23690
10737
23431
32660
5751
95
20450
11990
2546
12134
32418
26198
12908
31301
15705
1905
1440
29276
16444
31890
28441
5273
4556
25163
9461
23348
11702
18085
14824
6044
17143
29364
4228
10417
24899
29294
5047
24883
5544
20157
22677
12922
14959
11730
3415
28520
32323
19901
22948
15261
26261
3386
5136
31465
20798
30414
28899
21767
14694
531
3611
8584
17317
32592
180
20493
21865
24909
18214
8377
15256
22886
17712
16614
9334
31197
11476
8215
28872
21109
30883
4398
8250
15164
23354
3040
23806
16808
18445
8805
27318
27621
31075
32628
31892
18030
6050
110
14015
28635
26061
16346
24313
5881
5963
9233
128
7968
13034
17978
1841
24257
10019
17785
5619
11327
29600
23140
7251
11520
3067
16055
28524
6851
22473
15688
27146
29492
29655
32317
22543
17853
6323
25468
12565
5024
19054
2403
26196
30275
13729
16314
18374
32714
23982
3813
17546
2539
72
7518
2695
26366
21046
2403
18769
10580
31059
2796
7248
29898
26586
29152
24607
3742
31968
21640
30514
8065
3618
580
16828
23533
16129
3709
19663
1720
18635
2010
31941
490
6204
12215
14048
25036
25669
17875
20013
13889
8715
15432
14254
32345
31283
26561
18871
31268
9053
32743
2713
20164
17902
1052
21118
12486
19731
22636
17556
2227
18691
11968
25454
17889
18052
4181
17575
21391
16304
7021
10184
25649
2553
18757
29803
1801
25963
20550
25505
15351
4401
30335
22674
31122
2395
26707
11363
22903
20958
26479
29021
24290
29404
26112
29003
2939
2598
25122
27427
13938
5632
5531
21481
22989
23844
19913
7889
18945
6153
32729
20644
3008
16228
27962
25188
15379
9200
27729
14131
16040
13162
10607
10609
9837
3808
29696
29477
3166
22060
27653
30110
18586
19644
9156
9306
16829
15252
2493
5926
18026
13461
12001
1927
9511
6911
15615
15705
30318
5429
12671
11958
19712
19392
12370
22297
16509
6551
809
2499
1586
4509
6373
17246
3122
32108
6479
16097
19112
14673
24842
20915
16235
4503
31174
21267
18387
1289
25269
4791
19660
4274
15683
8883
29992
26855
12802
30877
21050
17288
8675
10735
15008
6018
30636
18348
18272
30104
11686
7495
10039
24164
23446
22208
15405
14744
24815
21008
14189
21130
32582
8135
10068
32240
30982
30452
11208
19687
2149
8261
17611
28987
17047
7279
28495
14050
15169
2512
1100
14025
31792
3411
3601
9940
9547
17045
2008
27424
18630
30534
15260
19595
22425
13777
12847
30838
12849
25407
27015
11721
12645
29784
17752
15160
15275
32268
28137
12997
14988
9490
4384
30342
1109
12495
14814
681
3600
17785
12691
6325
31154
2428
8201
12306
21654
14877
23940
20428
6698
29533
11021
13716
20201
12064
17675
28168
18313
16270
1043
16948
28789
18618
1
7768
10621
32129
26952
21995
2508
9142
3206
26849
8219
9084
13404
11818
805
9714
23932
1915
18011
1814
28931
592
9944
7907
30986
2610
1175
9661
887
4149
31716
14351
10009
19398
13072
15667
24309
30883
12393
13714
12250
13867
19561
13324
19516
27608
5166
1690
10815
22282
12330
21041
16401
9734
8988
9706
23165
17470
30015
18785
16829
15315
8129
19034
8336
20568
19574
3499
24973
14041
15822
26454
30391
3867
29445
32245
16209
550
23705
32091
32756
10753
13569
23672
8414
9917
20892
14973
9869
1204
32744
5953
6285
22547
17140
27363
19086
12694
1304
24754
15289
20627
4579
14665
68
13882
27733
6142
26948
32283
21838
16254
24259
8169
5703
433
8211
32381
25664
26340
24161
26653
28409
20518
25997
27647
28773
6386
18234
10505
20572
31759
15393
31195
12432
16309
12202
8719
29890
27889
10685
24767
6966
5706
2773
3144
31076
29093
20055
6990
12528
18790
18211
16129
28892
2264
2664
29342
22269
26575
31932
9272
1451
31116
13676
23224
16829
8928
11280
32035
11445
15253
25699
7963
28471
24329
3154
30377
26560
12316
16467
24377
12692
5196
27128
3558
6136
10783
27844
23288
18850
32450
5437
17579
24686
18159
32322
3891
4434
7955
24735
9724
6292
5809
223
8758
13882
2817
12130
6801
20163
5342
3759
8261
1044
3551
5130
3414
23221
28867
30282
2070
16189
6418
32485
24555
11
9729
29005
10066
3895
1174
31871
12068
8392
25870
27352
18201
31016
8060
1067
26506
32725
19378
22034
10363
27224
4196
22145
10712
4987
28043
5281
20735
21175
1544
27611
32639
26604
11402
27954
10015
20309
14257
29399
24355
4538
24948
4599
24266
25831
13760
24280
283
12382
21601
14116
13793
19017
2598
1669
1013
178
1344
14705
187
17142
10476
21064
24815
32631
17490
21660
1698
2450
12460
31439
12415
7121
6826
27108
11859
19041
31509
22415
16077
31174
692
22158
31362
11725
32108
15676
28723
17602
28842
23140
22099
29412
30982
27731
30148
4630
11040
3633
12770
6615
31694
3985
20930
21364
29562
27206
28347
7804
12485
19064
11302
22901
32368
23800
7267
17101
125
22481
30493
26132
15505
28960
1230
26984
413
14373
25477
20272
29373
1177
2279
13
14689
28738
9587
12557
8874
3782
19723
31266
11287
22461
2224
12499
17248
30473
13710
23346
15778
30570
21816
20238
18877
31565
13108
20841
25082
30693
954
18988
242
9853
24505
24602
7595
8205
16923
4355
13059
22283
27210
6714
22098
25475
18419
17737
8523
21866
21514
27874
29475
304
31502
19993
19702
31380
31886
31185
19814
12732
25580
31348
3973
26245
32353
488
28917
26136
29249
13246
845
18110
23424
24492
11455
5621
4470
16445
15352
11459
31199
4551
29512
7754
3366
5534
20227
29853
28643
21895
2855
12242
17826
15215
11326
15192
8422
20829
3974
19851
13421
15782
18000
25990
10678
20320
16550
23352
16577
12056
2864
13755
7446
1992
9305
15328
25608
15363
11437
29455
4155
31603
30341
78
7780
19589
14567
8095
30544
24163
27048
9615
15144
14115
723
16140
20979
4669
14159
25463
25948
835
23227
11514
10165
12492
157
2844
3133
15282
5820
914
21662
9853
32458
30040
6074
20766
27462
4609
9639
23777
929
332
27896
3229
5024
25335
17727
29997
18945
8920
17104
4644
19041
21289
30663
4797
5725
292
17996
29457
4600
14288
10261
13709
10044
9498
3885
20642
19749
5415
17396
9406
30138
14313
25704
3708
10109
25840
26786
26904
17925
20867
20643
5413
19946
27888
24401
22402
2017
22304
1725
9354
30504
9582
27047
11147
1829
27065
5700
13945
15434
12216
24127
12772
27707
25742
28669
28968
16691
23711
5413
740
3236
27553
14944
10669
11549
17142
9309
19715
2929
2617
30233
30339
29462
26135
27741
12127
18891
24928
29320
21004
27261
27741
29838
9274
10092
26213
4673
19721
14218
26027
6095
31610
4899
12634
24460
20771
963
8676
242
25896
27477
23446
28902
29542
1672
6001
30525
3057
11895
28213
7551
22209
23944
22974
31467
16296
31636
24723
443
7815
13641
8125
12713
12226
25293
9941
21425
28913
16804
23137
8985
13785
1492
20577
1967
2458
1607
23332
17746
12329
2160
13920
17587
23553
28466
2690
22877
27670
20733
14915
10483
17931
14650
11900
6073
8356
6377
5179
24150
21118
10888
16662
11481
30974
19767
12735
32505
2951
6939
22233
1441
12016
16128
9226
18860
23861
19778
5458
27629
13676
9197
7835
9842
2043
5667
14737
29449
29449
26302
1459
31492
9010
22071
11946
13370
3199
18375
3290
20302
12181
16843
13368
23348
16172
19821
25947
16880
14787
31105
5333
673
19346
1197
31939
19647
3265
29389
27811
24737
28631
4501
19302
22850
29813
12408
32710
17220
29252
4041
13018
9525
4140
19233
8424
23826
15303
17152
27770
30473
13589
18871
10164
24963
625
6021
2020
8802
24771
18944
30555
29063
1016
29366
31100
23704
15279
30997
5394
22528
20533
21384
14567
24887
11188
23523
20114
5699
9127
17153
28560
26239
30353
26539
28822
16539
20975
5308
14118
25060
29803
27267
3425
10949
16466
30569
26652
7310
21064
17364
21301
25717
28731
21835
30759
6107
25749
27866
29405
1488
6582
1208
26820
16856
2465
20775
5668
19439
22005
18588
17840
31180
7200
30496
26204
1379
22991
8438
13166
25773
30120
30846
8920
20139
16444
27481
3525
4521
311
19150
18290
7872
25818
21356
5695
28318
23980
22513
17158
9098
20076
4971
12971
3234
4169
26269
15860
28263
10582
1188
15259
13436
18232
21211
28834
28843
21025
32763
23271
19241
11267
5767
2552
18459
28669
3687
31272
1624
17946
8658
9699
23409
7994
26994
16702
28911
27984
963
21458
18139
11214
19389
9419
16260
19550
25266
11580
6268
23507
4473
1206
29924
29535
17612
31768
23785
18950
10479
23208
22159
31314
10386
29027
31662
20553
21241
30866
12601
13212
27994
27550
25542
545
13191
22309
27979
28291
3020
19789
2086
14137
12827
29785
29537
18868
7782
25466
11315
9693
10829
16871
24778
5566
14841
23599
71
3455
27720
9166
3083
18325
5674
19711
3633
28982
3403
32466
22875
31504
1522
18814
30130
25146
2089
22264
24360
1387
16414
2501
30977
23146
11721
32268
23185
6085
30671
8431
22855
9926
26022
21019
29674
29091
17658
17310
803
25077
15952
3066
21308
9067
23786
7799
2855
32448
19946
7613
1218
24810
6842
15521
31321
25237
25258
8512
11628
25551
22491
32330
27315
4101
861
22177
3936
24110
5268
7971
29604
24902
16352
12995
24180
31998
28796
19679
26253
21170
20903
32206
25782
31387
29442
19896
23365
23878
3130
426
30436
16708
9190
14057
3221
24868
7603
18567
14580
7582
29630
13109
1212
8209
8001
27480
12941
304
29810
22879
6637
18423
30120
28755
13196
21733
25024
4783
15052
3429
447
14707
2176
23437
31160
4468
2804
22026
8433
758
32559
9307
9537
22396
20340
29502
32188
29151
15119
3432
28819
19614
11086
27769
12341
12917
22989
22063
21434
25905
11254
23002
11906
9922
26569
16912
19225
22674
9689
20129
3422
9493
9367
19149
16357
26530
24787
21429
4249
18049
6016
25360
16550
13125
5304
29215
2966
17755
29696
18659
2489
8932
13772
19853
4555
27584
20038
26678
24017
23275
4427
20176
30532
4621
8118
19805
11889
17228
14818
24159
8480
11621
7018
10127
5236
7675
17459
11985
9746
28207
21165
23400
6277
11632
21333
5990
16098
28308
10623
9575
19367
27432
30034
32383
1769
28933
6932
19569
12207
20004
20392
21538
3225
11956
20052
25677
28613
8553
7112
7287
12786
13846
31324
8230
26854
27262
29594
2638
23822
22888
6908
13580
613
24561
28150
10646
30870
11558
30007
19571
22117
28626
2861
6631
17483
5781
27591
1714
10848
22070
29054
22778
30079
27194
9110
3461
14244
17334
31137
7467
10136
6753
30790
13963
17361
5101
2880
16382
7315
30104
16553
13769
2396
5118
18809
14487
19839
30001
25418
24614
28687
22795
3934
9792
19198
7107
15074
32237
5510
9919
15476
27367
28104
25513
19172
11598
9652
26053
20791
21917
22312
15746
17394
21725
860
10831
23445
23832
16765
7855
22629
9745
16536
19088
13166
27186
8378
8153
24777
12230
26454
1346
1819
12904
4838
11112
20574
187
4565
14369
14308
8796
8349
15372
31128
23061
21293
9837
1672
22612
19853
11064
8864
29147
28612
20332
4024
11960
30970
4002
27090
17784
26074
21734
6300
22168
3642
11205
31293
31804
17918
29095
11085
547
1337
27744
4133
23003
23446
1
858
7985
13047
30452
19844
16620
9563
4168
19012
8635
27141
18505
24197
17771
7643
3924
9217
24157
27404
25321
28167
20280
21493
32002
2940
29915
9542
3491
27169
19606
21344
12979
32531
19097
18178
8714
6296
29868
23845
14795
32024
5409
7716
27380
31594
6663
28704
12851
20562
29857
18595
4860
1351
3351
8579
18648
11385
7786
13578
8960
7698
3757
17747
15914
6844
6003
29431
4259
30564
21124
26346
31902
13886
32468
21407
23756
12554
4533
4467
16172
14485
26699
23112
16933
19842
11584
26736
18386
22090
18106
31950
29597
30338
24714
4151
9743
27485
26279
13342
27366
4465
986
26225
3432
30654
30906
23742
18168
9196
24283
2714
15335
27604
11331
26435
14988
2114
2845
13956
28823
17657
22962
22745
2722
29176
26260
26324
29193
31228
15644
7103
7420
16966
5655
21379
9426
14238
16573
8137
5792
11416
6115
14430
12811
27926
22385
19164
2650
11022
26133
28039
15824
10382
26425
14709
14136
17149
10547
20466
11713
17315
17340
20258
22284
6508
31396
31208
32644
24552
14532
5895
31982
22423
14131
19335
12096
13156
9405
29787
951
24431
24976
17216
11812
9487
9017
8936
3207
20504
5327
9816
26846
14681
18286
1935
3391
23145
1767
31080
24101
20132
26294
20673
28424
25968
6965
18653
17712
10693
29455
26375
15562
748
1270
16760
17468
21126
26009
11643
25014
13265
31184
6351
14089
16423
14618
4685
30653
31943
29770
17866
1373
21976
29821
28479
9750
19115
1615
2344
2433
12097
17743
14889
4028
9997
15280
17911
1727
15610
10817
1398
20973
15536
3231
10783
12266
12563
11688
20645
4781
11277
24628
9944
15830
15246
12288
10441
8001
12241
7915
14639
5595
5856
16997
6409
6836
4442
21796
645
86
25716
4376
27425
15446
27966
26018
12560
28456
22824
24065
14303
7735
18372
19469
14424
21557
14797
2855
18343
7088
29033
28528
22971
2023
10155
13625
17135
16347
15196
1211
31978
16297
15611
24072
12995
17430
31746
322
22633
5228
31083
9995
20803
7813
25459
7484
27155
6437
32414
7130
10784
8333
8187
26182
16276
332
7337
3251
2851
9561
21146
25053
3821
22367
11927
30969
17574
20568
21380
16359
7924
17245
18150
2479
14872
23484
18082
7467
32721
24908
11271
7169
17021
30461
15
21973
4994
10163
9442
23484
22764
13653
14492
26611
26200
24096
5456
28113
7440
3138
4685
26106
22391
9124
27296
10966
9128
25095
27866
31041
4442
1362
22547
27012
5895
11306
2606
29828
21069
9412
25439
22842
10132
7671
747
30307
1265
28310
16687
27769
19530
26364
2788
7137
10427
24808
417
21350
21305
396
1441
17126
2677
25056
3271
1611
16899
4412
27359
23741
19644
9766
28455
24599
1633
20841
31502
20631
16513
10087
30267
18649
30364
5039
17361
28166
3464
10962
7410
28745
8724
20083
29826
28546
10988
22430
18477
6207
29116
15195
683
3304
10136
23938
21314
28473
6300
1488
7821
7669
17103
11067
27773
31449
21581
2435
30621
19663
21670
13578
16794
4709
32129
8421
20738
22653
1669
19251
31820
26950
26745
941
26137
26475
23465
127
3769
10634
5516
13655
7921
27111
2469
8379
20475
7778
12711
927
5327
3238
8412
14135
26785
28324
26311
5386
26283
15168
1289
9544
3884
26441
31873
1885
23985
12975
13751
18630
5267
22000
18555
7715
25025
9172
26313
12942
16575
29530
28400
300
15855
26098
26867
27905
32528
24044
29488
2825
13572
14641
25151
21124
23254
9265
6173
10129
26107
6428
22154
29694
19416
24405
4271
16991
133
7972
4
3933
21201
23979
113
17745
18822
29979
30644
5650
26094
23847
19458
9994
28565
22457
11761
17296
11601
21988
14741
2418
12160
10523
13033
17360
3985
21664
24945
26673
18630
4926
20254
27088
3639
25915
28274
22327
16923
14985
27620
30223
29251
3388
11910
20791
32231
65
19429
27923
18597
22092
29489
5671
7879
21778
5022
32228
11973
26809
16905
6593
15370
7052
8671
30862
28411
13812
21819
517
26166
6819
14414
21667
27927
13075
27652
13750
31617
47
29668
18358
25307
9040
27449
31448
19544
29546
5487
27617
27772
29320
19903
9528
4060
14197
6671
30272
25893
8124
25875
21732
10335
24019
9145
32116
4979
14228
27076
17583
14315
2284
12726
20513
9722
24279
23540
10415
1212
16012
10533
23408
32702
27892
13275
7358
11713
19041
11637
8589
21691
5757
25156
8956
12063
12417
18668
16426
5726
10151
8461
12875
13998
12257
25891
1787
12298
20171
5035
21713
18554
21726
5000
7736
5012
30439
14244
22138
13123
7096
9690
15646
5575
12830
9492
884
21757
8979
5808
28782
6881
13364
7977
30385
12113
28277
16883
28908
4884
23827
29862
30825
19482
14538
27999
2530
18181
21321
12387
27797
29161
22243
8454
3994
29776
11911
6604
20853
10370
10738
20429
26088
14851
12835
1374
19979
3420
8719
20461
5790
21790
6039
29997
20637
30757
20663
9076
30741
11546
26880
2401
15671
28475
2888
4289
25514
12383
27552
16563
11302
27700
7558
2827
31807
204
6748
2293
14462
28760
3097
27355
1206
28723
12351
8072
24213
26914
26381
30349
18042
19674
17141
16867
27270
25794
11344
15059
2038
32251
27985
11795
30384
5790
14903
13106
4891
28740
2503
29493
31284
11212
20986
17027
19423
21080
31987
4606
26490
28569
10803
31603
22200
8525
4112
27956
23213
16389
4451
14595
20261
1324
23426
2610
22586
21061
8302
1801
3622
32116
16717
8552
6997
18240
32026
23213
191
23959
30619
32472
29812
4114
11411
6894
3704
6523
9018
12955
14290
8845
30186
31002
4064
25082
539
4442
15341
32179
21649
6489
21765
4451
9684
1236
26632
32316
31457
2851
15358
26615
15903
11359
21162
790
25748
4549
22370
6253
29529
19807
28702
25056
31051
15585
9422
9326
20740
5073
20721
11119
16138
20714
21347
2329
16453
8899
28790
16457
7351
32684
6725
15233
4711
29912
4933
13612
11422
28866
7965
29994
6998
3273
13752
1928
7920
6685
27800
20623
23589
30175
2669
8705
11327
26756
30950
13727
15753
5243
2247
12526
6148
14351
15420
5691
23131
18062
2924
18141
17177
7339
22354
31418
23066
21537
32456
20749
20031
31385
18917
24166
23398
12238
8073
23538
19610
28399
14646
23548
28294
1861
18722
10164
1584
2069
18058
10799
8164
9160
21576
3248
19053
20041
30120
26662
4748
6831
1400
12277
21154
7196
9054
14841
10928
19940
2927
1992
13441
18162
3068
13624
18470
15464
3503
12322
25763
6022
25047
7525
4328
8909
19201
3885
18691
4708
29640
28789
19347
27578
18414
18890
23424
4205
25515
17234
18921
28779
3396
2062
23646
10071
27872
28252
25424
2350
30360
2496
5317
25130
15053
2531
32592
28134
4286
2780
10561
18884
20313
15023
12313
26252
2130
30739
31809
15701
31091
20089
23803
19369
10291
29513
8344
6884
23433
10351
31980
22237
26626
10262
23551
14280
530
32179
24837
17243
2727
28742
14736
10544
2564
25053
3845
15979
19661
18521
11340
23708
22366
9076
11212
10215
9057
5123
16791
98
23456
30841
30177
8894
2583
12973
25527
15402
27726
31453
20462
30068
25062
25586
11353
14705
10609
29957
23359
15008
24455
31779
18187
31754
29718
32333
8774
24940
2553
26819
25539
2712
29900
26499
21273
32281
18687
1292
14678
26390
12842
30567
2546
27257
928
15976
6146
22351
14151
30514
11182
13938
20135
2297
3045
32102
19008
3852
20560
26754
11041
9234
3972
16464
12982
29331
15739
3638
21730
11963
20037
1109
4173
23899
28923
7345
8448
3121
30453
13202
16687
24425
15164
8491
27733
6243
7746
5754
22663
31159
27089
16751
6657
11383
12610
31824
9478
2740
495
3164
8679
29507
30699
13231
18273
2752
2800
6757
12075
3540
10136
21250
22736
6324
26832
32274
20155
2026
1418
20748
8592
22104
18099
1148
11715
7290
6501
28001
24419
5355
4445
17876
26678
18987
28591
26859
7179
20895
440
1501
26444
14297
27733
3687
5075
538
14162
25710
20478
26901
11558
2789
11270
12534
25309
24049
396
17059
31829
5707
31093
27202
173
7143
9208
24315
21243
27603
22261
30719
9021
5473
18057
13001
27539
4744
3039
28324
19883
32648
3657
365
25724
30157
655
2458
24119
3606
29831
8571
29306
19926
3813
22464
2247
986
5461
4412
9014
22573
17607
14312
24934
4921
3594
23339
12217
24622
24221
9560
30401
3752
27586
19065
24309
6028
13267
21579
31913
26930
10713
28553
30781
16074
16219
7789
1684
1784
16500
29813
17863
7618
13864
16227
21019
23980
17144
16775
10033
19489
11700
24896
8573
25877
3729
29121
13305
18921
21116
30993
9755
22415
2221
5973
28164
26606
11902
29522
31482
17032
28030
20526
1048
90
32705
12406
12100
26371
11899
10854
9314
32553
7885
20836
24775
27161
24799
22733
24305
15021
29999
21492
26229
21875
15401
14184
6200
7179
1015
32630
2786
26577
10394
8175
2960
6077
31290
8492
22218
13703
23994
3662
23988
30222
23440
6346
27528
6394
4308
5414
16195
27552
13974
13565
28063
29479
13173
8777
8002
489
27501
24546
32565
15388
16881
4929
28055
20402
570
7050
19091
25469
8670
6602
28047
407
4516
20092
7334
257
4247
28755
6233
12938
13657
24627
3969
21747
8634
24192
3976
5200
5257
9628
17625
6321
19883
3499
8085
26626
30825
7578
12424
7984
4110
11615
21083
18062
29362
32130
29451
17782
5713
26588
4506
14643
5152
3487
17412
13086
32288
9878
22900
8712
13043
21934
27832
27352
9199
9910
31474
29813
16753
6499
21137
10983
371
23959
28288
15801
13409
9442
4509
7585
7209
11594
13933
32099
31122
26951
9998
23026
974
26898
20845
19928
32338
26911
11193
13273
24805
10728
15639
23763
17911
29933
7831
23785
4917
29433
2150
13280
4186
14246
16198
21705
24648
9763
30268
20705
4183
4917
30856
10677
12781
18556
12250
3722
12879
19704
23235
2299
25782
5836
1898
23780
29350
2625
9856
8063
9851
27149
19062
18893
17477
7382
26349
19000
25813
27634
9326
22902
1816
8049
7259
5808
19364
7005
4389
12004
3729
25152
30400
5000
21386
8423
24404
1136
14371
10086
8246
28913
24685
29532
17174
29767
4553
12152
6010
28980
28665
19516
30827
4330
4221
5633
6765
10539
22556
27708
30133
19887
22209
32255
8343
4294
5512
12227
11838
14142
2841
3684
26015
25479
10805
29549
25775
31765
16014
16022
980
20742
3036
18571
3482
17669
25389
29423
7848
32110
8828
31137
16882
23986
21126
26942
7472
20990
22233
24295
16782
11543
25646
30020
29861
7561
12536
712
1450
32256
5181
3383
741
1270
1701
5734
25445
6030
14801
9795
30963
17344
14829
13844
15940
9655
19849
24836
21875
15479
1956
32219
19118
29123
16394
1549
28463
22846
26081
28150
24685
27344
24702
21092
3988
15435
29309
8022
23859
32335
21264
5123
7477
16491
29079
18462
5907
16516
6001
5721
22088
18811
23570
4136
24324
25866
8022
24263
6948
25839
32277
13694
4962
1869
29944
14628
18633
14927
9611
226
17005
17166
29075
5177
9048
19381
24737
2630
23751
7395
999
11845
20631
1616
19531
19797
30714
15028
1722
4474
25198
8932
29375
3560
8432
27710
10068
24703
29036
22088
14840
3218
15993
916
23553
29420
18243
20967
25140
2837
968
32153
27283
16849
6472
5183
5238
8426
29430
31368
32477
9263
21236
2405
261
24509
28542
1645
20793
23421
28774
31615
3563
18414
24768
12713
23811
28709
26846
21320
5495
3346
25727
31089
10012
24068
10563
10384
13500
10863
4450
79
5224
4334
7838
8890
10767
18308
18806
5792
20560
12583
20637
10556
17293
27775
7338
4884
17217
16363
3089
25634
23955
1733
15186
31538
6443
999
7536
3211
28996
15725
30885
31697
22530
17853
6996
3370
13062
5573
23871
12704
1601
23684
16634
29383
16645
26572
18848
16799
24930
2630
22724
11451
25007
8886
10410
16803
9319
10368
14007
7544
21047
24940
12839
28886
24148
9382
17150
31486
9490
20233
15681
16437
22707
19612
5221
32615
12412
23389
8968
11024
3599
27454
6879
26973
3316
16238
12528
24462
12409
13529
23041
19614
9148
20978
11088
14118
16390
944
13188
12927
19802
11222
24548
32550
12622
25720
16839
2661
26
7355
18507
4400
9199
29404
16970
27214
3722
28532
15498
15289
10504
1530
4148
8006
30204
32393
13704
31368
6591
11491
11982
3570
15623
6327
8080
32573
32187
31519
25606
25353
25094
13677
15570
2503
427
9511
25326
5078
22936
31056
6114
4332
32189
27881
1594
11960
7454
2744
1591
15046
3111
24136
6853
31650
18752
13873
15021
9536
12194
23449
14860
27803
19561
25339
26628
32413
2538
31272
13489
24127
9542
22411
29534
28145
8768
11952
3321
10300
12619
19976
14021
19366
15335
18918
335
32214
2862
22734
21411
10744
15530
17647
9919
7779
31082
5870
5448
11641
9045
24037
4988
21967
27838
14508
25448
13711
3640
1111
6491
19738
3755
21503
17562
21745
20903
5574
4181
10965
24569
2325
28890
6701
7804
27176
12553
937
26418
30413
29704
10277
14483
12392
32568
6864
28453
32571
24679
7821
15693
6884
17479
29337
21861
23591
4382
21102
31246
23534
6592
11496
26824
910
31931
22183
21184
29260
977
15284
22504
23584
6059
21607
14413
17849
7115
24968
12198
16832
18115
13236
12072
4961
19108
514
27042
23048
25018
5095
26053
10856
4982
16983
2755
14530
17836
5165
23325
30820
28159
31181
20917
21616
30617
27656
5419
26078
12575
29248
30054
19140
22243
21452
26481
725
3420
30877
29577
29992
24532
15650
18804
828
5985
15722
28436
19768
32278
23433
15675
2935
25210
1340
7873
8515
28473
31952
17876
19681
11034
10559
19344
6351
13617
12701
28111
29257
4438
26546
24387
2321
6358
17897
24002
23664
25448
1129
736
6520
15458
2433
707
11917
30764
14665
19763
14372
15861
26758
17649
10953
6566
30415
330
24167
27156
21486
19947
24260
32634
29833
23799
9547
32294
31234
24407
8206
22898
4507
30546
10763
31478
20190
14685
22702
27132
1340
12084
17048
1844
25844
4393
9119
12458
24374
10684
534
25076
5512
5997
14670
9392
22634
24782
3420
25902
31029
3804
11293
32617
29513
16783
16248
6204
12391
29360
29923
5842
27740
23275
7721
21087
31712
11557
20330
18445
31421
7184
7779
27962
9524
24060
26351
29152
24732
8944
14542
1876
14156
12537
21158
32564
19387
6850
20039
22170
1766
17509
25139
406
1522
10881
23646
2780
2835
8077
14898
23481
30124
29547
470
16460
1464
14656
16560
31730
28264
8068
21289
514
31757
3669
22960
9915
20793
17
32513
23674
32545
18467
29607
20784
32070
15389
17087
20
17493
29448
25600
2965
4171
3831
12024
29587
3548
17635
5016
31694
30486
5810
15347
22175
25410
29593
31555
26598
19979
12964
11821
13379
6626
7059
28742
20617
4512
29160
19157
25967
11629
13886
16603
7049
7905
4572
23632
887
26730
8330
8368
20061
1006
3236
1718
27283
23729
12652
25959
22685
8312
14244
27731
19549
11247
24669
4888
28295
5704
29194
8743
21078
8229
31704
14539
29565
2488
25410
29799
20577
5160
28639
7423
29829
12855
18815
31481
1861
11299
7287
14885
13000
15049
22585
32252
30512
24080
15400
2853
15891
29317
9898
10814
16943
19011
23166
10200
8025
19734
11856
5571
7863
25568
23178
12685
4911
13115
22894
5189
23071
26975
3426
3972
21583
9031
8586
23471
27428
11535
22684
31606
30230
8609
15856
30880
5219
11664
27863
24075
20229
31044
25134
4846
5858
32344
3123
31586
29508
19520
3223
545
29832
47
24788
28557
16154
29751
25792
12788
17057
27059
25442
31506
29046
13026
10757
22231
3163
8148
20876
8043
22122
12938
12805
29296
17739
24153
13441
2951
426
22159
30498
10261
19432
12377
30581
22599
6417
23524
14082
24915
31759
14531
3618
5377
12061
18833
8465
17003
20862
19159
11076
9216
11630
12591
5373
28367
6745
21162
1820
26371
20299
16240
28984
7593
14760
3494
13806
15290
11293
7317
29049
32341
31190
4872
3715
18508
20977
7413
7483
27874
28467
11360
8360
6099
28666
16765
17981
30357
27251
32277
15277
1758
4365
2090
5889
11878
31534
32734
1255
32750
26148
3217
12621
20865
606
17738
7726
2042
8412
30808
23724
15302
21732
5689
23648
6891
24055
17338
17646
11337
28163
22368
3548
22560
8154
17927
18596
22995
12771
17097
20743
32492
22799
5665
22437
22367
16399
28752
31435
15123
1733
15104
24972
18590
22008
11816
3347
16721
23371
11311
21559
26228
16752
10580
15696
15314
30873
8781
10825
21369
25391
26158
2807
1723
15047
14221
2473
16504
16722
2276
26113
15520
4755
22582
29186
24819
10711
28150
25961
4875
28640
804
31553
12189
25890
4793
3506
1788
15410
23109
9242
734
30843
19927
10079
22883
25907
797
12419
29011
30861
22476
9592
23463
30512
22338
6198
1612
27625
9067
7180
3107
18332
25825
1331
17996
15745
1623
18089
676
12172
16183
25148
908
16173
12682
7909
11501
22074
7961
31064
633
15402
31185
729
23347
2947
21356
8785
28209
7061
28750
27553
7328
12905
429
310
7434
4853
19189
13278
27604
15249
13931
21722
9483
26799
7440
28212
11104
12230
17864
21843
16496
18063
24507
19404
29257
19060
31740
8827
554
7238
19049
4819
10379
9262
7634
17010
23133
4582
31581
9464
29587
27944
14632
12314
27361
2663
28721
5618
29380
14270
17779
31129
11202
13862
20050
20984
19443
21227
5177
28379
24512
13665
31618
21575
2027
13523
4502
24590
22736
19132
1621
28064
16106
30009
21688
27684
3224
7615
24244
6856
5409
22537
98
24405
30966
3413
24158
27398
1848
26576
29549
8602
22650
4687
8546
30376
1736
8255
18754
13619
9960
12767
11942
25982
26335
10413
10849
17697
30136
29
28771
1373
6272
7825
27869
17325
4245
12934
31910
28829
14113
28683
1246
6367
29153
17016
11729
17564
25899
18012
17693
24840
1839
8119
2840
26681
30845
106
28524
15161
17863
29419
260
25178
30440
15677
5420
10185
3878
28704
27123
16486
25268
30341
18388
30419
25979
14660
26262
3275
22299
11025
6513
18102
28716
20653
1650
21882
29897
6489
27937
4755
20559
7056
16480
16998
7778
2549
6038
20690
17713
29835
15117
15369
1275
10788
20377
8606
8403
19996
25979
8671
1184
30278
28292
3428
3175
25895
24446
4328
20685
13410
199
21336
7383
884
12863
14890
28917
32417
9828
18416
14143
21038
22716
18733
3326
24017
17268
17255
17774
15462
6214
23165
2498
29667
160
8251
14953
24974
10498
556
30096
13934
7079
18863
26344
6143
11881
25165
17577
14634
2015
23114
7639
32627
32712
20858
24004
2165
24236
19030
10454
9099
16576
4431
30346
5073
8203
11875
3257
11851
18887
5357
16410
10339
17162
1473
7689
10905
24741
22392
25478
31606
5708
6409
25985
22209
16632
17050
20053
17654
28810
26773
21650
1780
29873
9469
20223
27126
12557
11011
18911
6084
31893
14548
372
14123
4150
23478
26050
28842
18620
14931
2965
11118
16374
22868
11973
5761
277
3634
10681
21054
23638
5193
1578
19976
7649
30767
2857
11835
11248
19779
27748
20067
20531
24969
32421
13228
12404
25525
5531
922
14967
12165
28381
21242
1828
13396
20012
24857
30951
10733
12024
4915
6488
1949
12070
17454
31255
29068
5905
15496
7418
4172
8911
26255
10091
1715
28853
4816
25867
31206
14621
24785
23964
24503
13158
8195
541
1841
19517
15602
13622
3952
4379
3775
13015
16567
29967
6352
6941
31676
21182
5318
9333
13126
20392
22703
14595
9210
1197
28029
837
15986
4047
27064
11763
30608
29497
25711
23338
29458
25985
5236
5834
15462
30506
28617
18461
447
12653
24405
26297
1384
4664
23259
30375
14681
2424
301
4036
14600
23444
157
29800
5505
3385
25525
31558
10169
15453
5672
20627
23839
2686
13831
21099
12917
31787
1336
3184
20702
29126
3877
5812
312
7560
22193
23513
27051
6853
8304
2678
18818
2674
11543
13757
10042
22756
30769
26971
9433
4314
20244
13472
28290
24510
21524
28896
30533
12072
16886
18201
30779
30628
936
14549
26067
12469
29743
12370
20327
538
23264
23521
23827
6735
30675
22668
24518
20055
13461
28667
10137
26297
19741
28057
5216
15817
1281
20210
5247
4904
15594
21343
1536
14478
31814
12006
11746
31687
17212
25692
14771
29180
14565
2764
32609
2100
2489
541
28493
32026
2631
23278
27809
10241
29226
30149
32740
12581
17208
7529
6091
7988
12540
8332
19538
24077
7271
11949
22540
8903
30658
31805
15287
20725
9959
29185
16404
17704
12209
27575
18934
10422
20145
18940
13464
12986
17442
23405
9779
31324
27935
24845
4816
15955
32020
12775
24923
17832
27507
16884
26362
15804
27048
4158
11421
14732
30030
16454
13013
13876
23203
25251
10217
18610
15161
12525
17447
22765
27887
16601
16504
3574
17696
29349
6967
20365
9242
7863
8003
231
21714
18049
24915
22702
5334
19623
10122
31306
22658
30820
28492
13407
8055
18474
1359
2198
27977
22408
25589
24737
14968
23633
19417
5241
29090
32507
19111
9706
19702
4677
9266
21842
10220
28188
20928
29606
6451
29120
2984
5557
26859
28963
4384
3249
14101
4498
8784
18411
26184
22934
24747
990
7845
30749
2430
27247
32013
1749
16073
2163
17041
19417
21071
15474
6185
16015
18153
682
15017
21456
31775
16983
8946
21834
14329
50
32357
18467
787
6712
2974
9951
2800
28844
12126
29316
32400
8287
21960
24316
6469
12847
29649
7866
20418
25550
15602
4513
21365
28101
24863
23329
24599
27320
26365
9123
1921
17387
30288
2343
28609
18181
9906
811
14189
18708
9867
15823
29751
31442
20029
12344
32706
21031
29599
29234
1716
11502
4525
5401
3597
4348
6270
1017
25271
11614
31094
12020
10077
227
17340
1508
29825
18907
25838
1602
16073
8989
25108
24647
30618
29263
7379
30544
7144
2913
30948
16775
9549
11611
30148
19136
4440
15449
4268
24225
29479
23763
707
7686
17208
21538
12179
931
24956
21056
22457
7148
32173
2256
25569
29745
23010
13150
23538
1294
7009
29927
24198
7170
7604
11932
11421
2142
31743
13283
7570
3937
17552
32671
3918
27553
2744
20145
9915
23468
19161
17343
29819
1008
21697
30771
20955
10200
12342
7815
2562
32312
12242
6593
9071
9451
9746
11833
23970
30651
28841
12194
14104
20096
19994
20552
3965
26252
12677
30103
14878
31559
2241
13789
5277
21015
10412
25425
30184
15747
21439
18515
2411
23447
3814
30965
27269
5002
14478
23995
5177
5790
5631
23455
31015
26696
19180
15704
22458
12689
28488
16860
7842
25532
14172
29732
30085
28201
25111
12335
15857
2937
24997
31049
8342
27123
29251
1421
31410
13094
4945
8873
16332
14032
5800
22497
9125
15615
14895
26967
8300
17270
32681
8329
11569
10834
14033
32283
14492
5102
28073
14551
15327
31747
15119
11762
31209
18964
6033
9872
16092
25353
14466
5771
13250
32282
8525
14448
6780
16622
24330
10955
1530
26372
8783
29349
25266
30803
11081
1866
25418
21293
15371
19280
9624
3433
1317
5844
9165
28865
16505
14087
17901
5753
28234
1770
10115
26178
26774
1365
26002
31837
16550
3134
2254
15107
6883
3384
24588
2821
31979
30522
24312
4016
16868
10658
21766
20979
10513
6265
4267
9924
12962
1529
17100
21695
16081
30028
13943
15632
9002
14999
12497
2964
10794
19511
3407
12859
12556
14667
27177
13233
22496
26994
30988
317
30685
2518
18448
28649
21496
19305
5865
2275
14262
22126
3169
14627
30782
5948
24582
9294
2994
18494
19487
7898
10943
23871
23525
4980
12403
13284
27120
22430
11343
11642
25328
13213
23198
5618
8349
8594
30469
31786
28913
2023
7514
24431
7572
29420
11449
22079
1944
4546
24789
4691
11110
31353
5517
26077
8440
31093
26816
11790
27721
28694
11873
18139
12810
1688
27342
27649
9367
13623
18269
11078
15657
26775
13624
19458
5453
17764
12908
20447
29845
20277
25916
28893
26253
30391
443
16537
27888
21255
11674
19662
8732
2655
22078
27932
24516
11765
11541
7688
15845
3360
15915
3397
32251
17341
21752
15154
13940
2001
9085
21923
21093
31344
24463
12260
14716
32733
19058
31739
13366
25330
22185
10542
24657
18370
24589
3013
18821
12670
10781
12817
31343
8085
6293
2733
6606
1567
22082
16388
26609
9596
24084
27923
12400
1336
6773
3953
1051
5682
3801
23180
20272
16382
16278
20533
8145
23943
19447
16991
12468
27897
28299
8739
3101
30430
22467
16392
23305
28807
5820
24962
13484
7597
1114
20408
542
13656
25750
17290
19026
19968
12825
21203
31303
21746
18441
17131
32130
5366
24099
25713
15035
4143
2826
23623
18647
12610
16606
32221
28694
6075
30737
6835
19342
940
31862
27417
7896
9366
4251
29754
13321
20365
23385
3928
21987
24728
21417
30297
14925
19287
7865
31107
28929
7912
5184
17028
10885
266
23822
18613
27484
25731
24551
23199
32637
32448
28817
24767
16900
16572
29996
15750
3368
22307
30146
28324
26221
30134
18975
21382
15130
29169
23011
15645
